100
416293848072673556
624873756900552902
902609462888746234
116305090444810267
802067213916381551
150256086988083144
933356514211568798
92838013811040628
816796610264235557
21267151656656294
933324857061900252
981674415239021373
573357650350540450
933123028012524144
736828631447732546
933000010027824769
219269637568697094
45297169606327143
924398696650289652
160091731365132841
287376172896299299
945809041329408943
144115188075855872
804632933943795496
954585295110717252
3
170037596242037247
997038600526195330
17179869184
969856866724766312
134879997375047955
124994354510195523
269876133354458641
989097066371050190
41702148019308359
567445547432387863
62891726900173329
955504458858527844
319575249088778693
315322208812959490
105611385999283160
1
612539245976689075
868653178608919288
2
923150987602793536
609448587016181252
50135759851018495
449636419833254577
8796093022208
549471127446006608
692906458158292553
334907800806965638
491856365126018925
834575644672576841
291960832702087342
312248930972773608
900600834993936716
462310984352123859
256613067572585721
995614685066939208
583675273276011780
27581034208078824
347864263169949331
401741258599143449
740378753002264401
143343087323000394
914336688261373373
713706438837892811
908045568320684066
592262525698533598
64862708310135271
960193719808143483
641065443880212656
968275582638526411
617911587883463071
944767490112655035
474496058110421574
886131192422863730
166722640178586902
60493761197061123
941037784742171573
281474976710656
104308434310371115
28419207738454337
860273282017433803
985323264470294258
467882747147021809
804192942223121646
525128364450253715
840530277299150106
758795226951980771
10
129759920406862339
233755212995907483
9007199254740992
320339693354773426
16
787672641884859776
148131220530810001
