100
24320
32
21533
8
2
30507
57802
18260
91348
98169
10
96635
19775
9786
61980
29551
92884
95503
76772
54634
62921
77717
59799
54263
94786
37482
95760
73428
95892
38873
37806
93161
96373
80933
82980
82028
66867
28653
65543
45099
4717
96262
99581
92955
86984
34589
34403
1
95893
39421
92394
3
88024
34142
97371
92330
84808
85064
9289
37671
11903
64
4096
44605
39503
49112
52426
25217
49595
37658
2608
90523
23761
64707
91011
62711
90403
65536
49580
90110
90860
2537
47488
69926
90115
93233
73751
58415
94484
96378
32768
91125
64681
19113
14764
93141
71157
50487
94154
80903
