100
15 1 6
4 3 12
2 8 5
1 1 1
2 3 6
15 1 15
8 1 4
3 3 6
1 1 0
5 3 9
3 5 3
7 2 14
5 3 2
2 2 3
1 16 7
2 2 0
3 3 9
6 2 6
1 9 6
3 5 5
3 5 10
2 6 10
2 4 6
15 1 1
3 5 6
1 16 1
3 5 12
3 5 15
4 4 0
3 5 2
1 15 15
1 16 16
5 1 4
5 3 4
1 14 12
5 3 0
15 1 8
3 5 11
2 7 7
5 3 10
1 15 0
3 5 8
3 5 1
3 5 13
6 2 10
4 4 1
2 8 16
5 3 13
16 1 7
3 3 3
5 3 6
16 1 9
3 5 7
1 16 9
1 15 6
5 3 15
9 1 6
3 4 7
2 4 7
4 4 7
4 2 2
4 4 8
16 1 8
1 15 7
3 3 0
3 3 8
3 5 0
16 1 16
16 1 1
3 3 5
5 3 8
5 3 7
3 5 14
7 2 13
5 3 14
2 8 10
16 1 0
5 3 12
5 3 3
15 1 0
5 3 5
5 2 8
4 3 8
1 16 0
4 4 16
3 4 12
1 15 8
5 3 1
4 3 0
3 5 4
4 4 9
6 2 7
1 12 6
15 1 7
1 14 14
1 16 8
5 3 11
1 15 1
5 2 9
3 5 9
