50
10
0.27 0.43 0.30 0.33 0.47 0.40 0.37 0.07 0.13 0.17
0.90 0.73 0.57 0.67 0.93 0.97 0.87 0.77 0.63 0.80
9
0.85 0.44 0.36 0.72 0.18 0.12 0.77 0.39 0.30
0.49 0.53 0.48 0.87 0.35 0.57 0.04 0.70 0.94
6
0.81 0.88 0.78 0.97 0.62 0.59
0.19 0.03 0.38 0.31 0.47 0.06
10
0.17 0.40 0.60 0.68 0.32 0.81 0.51 0.70 0.36 0.74
0.77 0.42 0.72 0.75 0.89 0.96 0.09 0.64 0.87 0.02
10
0.35 0.23 0.70 0.28 0.60 0.56 0.76 0.18 0.36 0.80
0.48 0.54 0.26 0.07 0.19 0.99 0.16 0.43 0.10 0.04
6
0.85 0.62 0.77 0.69 0.54 0.92
0.08 0.46 0.38 0.23 0.31 0.15
3
0.72 0.62 0.41
0.17 0.03 0.93
1
0.08
0.83
10
0.79 0.76 0.58 0.82 0.89 0.74 0.44 0.84 0.97 0.69
0.10 0.40 0.31 0.02 0.16 0.18 0.05 0.03 0.13 0.32
1
0.3
0.4
10
0.82 0.64 0.98 0.05 0.08 0.50 0.73 0.65 0.02 0.83
0.91 0.03 0.11 0.55 0.12 0.24 0.79 0.44 0.70 0.52
5
0.67 0.42 0.83 0.33 0.17
0.25 0.08 0.58 0.75 0.92
5
0.35 0.87 0.58 0.71 0.42
0.48 0.16 0.65 0.97 0.19
6
0.74 0.89 0.52 0.78 0.26 0.07
0.70 0.81 0.48 0.19 0.04 0.67
8
0.62 0.35 0.57 0.83 0.10 0.32 0.78 0.75
0.71 0.29 0.38 0.76 0.06 0.16 0.33 0.56
10
0.51 0.45 0.47 0.23 0.42 0.04 0.55 0.60 0.89 0.87
0.74 0.57 0.08 0.26 0.02 0.96 0.64 0.58 0.49 0.21
7
0.02 0.83 0.44 0.17 0.46 0.07 0.68
0.05 0.63 0.88 0.49 0.34 0.29 0.39
10
0.921 0.825 0.974 0.719 0.860 0.877 0.991 0.807 0.947 0.746
0.272 0.412 0.061 0.474 0.360 0.202 0.632 0.421 0.561 0.088
8
0.28 0.43 0.41 0.24 0.22 0.02 0.04 0.07
0.80 0.57 0.52 0.48 0.59 0.76 0.72 0.98
2
0.33 0.67
0.19 0.05
1
0.6
0.4
10
0.79 0.97 0.59 0.77 0.92 0.48 0.95 0.49 0.72 0.90
0.03 0.44 0.08 0.21 0.16 0.33 0.18 0.13 0.31 0.15
7
0.04 0.62 0.51 0.57 0.94 0.65 0.74
0.32 0.31 0.99 0.50 0.46 0.61 0.85
8
0.74 0.92 0.67 0.95 0.69 0.64 0.79 0.97
0.10 0.28 0.21 0.62 0.36 0.59 0.18 0.44
10
0.78 0.04 0.64 0.76 0.24 0.28 0.88 0.34 0.82 0.46
0.18 0.62 0.48 0.90 0.74 0.16 0.68 0.84 0.40 0.08
2
0.50 0.62
0.06 0.44
4
0.82 0.73 0.09 0.95
0.68 0.45 0.23 0.41
5
0.80 0.65 0.75 0.70 0.90
0.25 0.50 0.05 0.10 0.55
10
0.33 0.23 0.48 0.80 0.71 0.65 0.51 0.22 0.60 0.16
0.57 0.82 0.44 0.10 0.59 0.76 0.68 0.78 0.09 0.54
10
0.82 0.15 0.38 0.32 0.50 0.18 0.35 0.94 0.41 0.79
0.24 0.47 0.65 0.97 0.03 0.29 0.85 0.44 0.68 0.12
8
0.43 0.53 0.64 0.18 0.74 0.70 0.09 0.80
0.62 0.17 0.30 0.84 0.24 0.79 0.61 0.52
10
0.32 0.37 0.63 0.80 0.69 0.93 0.44 0.40 0.64 0.71
0.86 0.48 0.52 0.57 0.45 0.25 0.15 0.39 0.79 0.20
5
0.66 0.80 0.60 0.69 0.97
0.54 0.03 0.34 0.43 0.49
2
0.6 0.4
0.3 0.2
8
0.82 0.65 0.38 0.41 0.37 0.92 0.67 0.71
0.97 0.53 0.09 0.81 0.54 0.87 0.14 0.61
5
0.48 0.91 0.57 0.61 0.43
0.65 0.87 0.74 0.39 0.22
1
0.5
0.7
10
0.55 0.86 0.64 0.73 0.23 0.82 0.91 0.36 0.14 0.95
0.45 0.09 0.32 0.50 0.18 0.41 0.05 0.59 0.68 0.77
5
0.92 0.83 0.58 0.25 0.75
0.67 0.50 0.17 0.42 0.08
10
0.500 0.240 0.308 0.183 0.740 0.490 0.712 0.481 0.375 0.394
0.279 0.731 0.654 0.413 0.212 0.673 0.721 0.192 0.202 0.933
10
0.82 0.61 0.99 0.48 0.46 0.70 0.93 0.58 0.62 0.59
0.26 0.42 0.32 0.06 0.29 0.28 0.27 0.05 0.22 0.14
1
0.8
0.7
3
0.29 0.12 0.18
0.53 0.65 0.47
9
0.105 0.486 0.067 0.619 0.095 0.524 0.533 0.190 0.029
0.200 0.276 0.419 0.667 0.352 0.086 0.895 0.581 0.162
10
0.67 0.88 0.83 0.50 0.36 0.61 0.46 0.97 0.42 0.92
0.47 0.55 0.13 0.78 0.17 0.34 0.49 0.68 0.96 0.11
6
0.85 0.77 0.92 0.72 0.38 0.49
0.26 0.31 0.79 0.41 0.36 0.28
2
0.25 0.15
0.55 0.65
10
0.145 0.897 0.709 0.094 0.547 0.855 0.436 0.684 0.197 0.179
0.675 0.479 0.598 0.641 0.376 0.103 0.906 0.863 0.974 0.513
6
0.91 0.13 0.83 0.72 0.24 0.43
0.37 0.20 0.65 0.22 0.04 0.48
8
0.49 0.28 0.42 0.71 0.80 0.62 0.63 0.25
0.12 0.34 0.85 0.78 0.46 0.52 0.05 0.06
