100
3
2 2 2 2 2 2 2 3 3
2 2 2 2 2 2 2 2 2
3
2 2 2 2 2 2 2 3 3
2 2 2 2 2 2 2 2 3
4
1 2 1 3 3 2 2 6 2 3 3 3
2 1 7 2 2 3 4 2 1 3 1 3
4
444390 99022 295005 711816 225117 671926 23943 99022 347167 178133 692381 252369
813879 154389 616035 171725 679246 595567 560789 901799 464260 623983 915170 194643
5
146642 201742 447966 537213 569513 92132 218030 989036 373338 192781 824733 663676 329544 965243 216685
501949 246137 233425 981725 967714 847347 792243 370803 965096 195555 217090 49261 911728 37445 517233
4
419584 692992 534337 62122 928482 717929 991172 376092 28374 438429 600743 369854
995179 399634 217107 731568 494131 318764 94438 518136 845385 563021 725469 418840
5
691049 489302 702360 121031 539142 948861 252128 696700 643916 649844 233635 68559 297909 47603 453223
858182 517622 324687 998267 453842 958869 949335 562217 455060 763078 790384 183032 33171 245056 897655
3
919364 898156 934094 914740 906565 915723 927918 921132 920162
919397 905207 925903 926733 920560 919104 918567 925740 896642
3
2 4 2 3 3 7 2 3 2
2 2 2 2 6 3 5 2 4
5
426929 560739 710555 467836 913587 820824 402533 30632 582875 465661 409085 683513 5668 239717 269693
686769 851086 374748 918939 872636 57741 277433 723991 524089 338643 676259 292229 178655 404021 796932
5
46188 210832 367698 683277 256763 494818 299657 106688 48285 47715 788038 672860 175332 458573 631787
276548 319972 387627 825562 670135 729597 244147 969202 939955 16785 525409 267877 149835 439592 103181
4
419142 134857 860531 215711 262263 809717 854381 553203 252522 604560 811003 631330
615729 868255 974326 678468 718759 176730 43295 369686 573893 345754 616948 368916
3
2 2 3 1 1 2 1 2 1
2 3 1 1 1 1 3 1 2
4
396714 174047 550893 570470 163021 604739 532347 473707 337421 49140 67137 282103
903487 629893 871610 713233 462888 703107 101841 851764 310612 195477 654203 556358
5
689005 571396 767779 786514 757605 388856 438716 524682 232325 428552 263419 948271 910954 537636 36762
493501 865662 2236 44578 677851 323594 414277 762912 266175 168745 816243 232184 120823 29645 202807
5
253433 253150 250788 252606 259595 256620 255577 249153 257819 252387 254556 257721 252661 248048 254205
256528 252500 254939 255669 249353 250912 256570 255832 249832 257706 259137 248133 252229 256439 252539
5
318021 717079 325225 98576 596547 82906 993389 182400 52326 417534 89972 137391 823748 32115 35921
694384 427079 206450 547131 183236 181779 153615 891248 32318 216760 830968 57133 204469 343131 525823
5
960104 352686 733350 881250 447003 537294 501159 307228 694793 292480 757926 60930 770895 134818 92500
684984 838445 834376 130198 438897 405864 743590 295533 517732 927364 654458 503342 182553 745513 9918
5
1 2 3 1 3 2 2 2 1 1 1 2 3 2 1
2 2 1 2 1 2 2 2 3 2 2 1 2 2 1
3
717723 721133 727130 725670 723149 723513 733614 731535 742847
720122 715161 724517 741033 722814 729675 727809 731037 734146
3
98293 98128 97626 95690 96031 97741 98859 98905 97630
96866 96917 97020 98917 97756 98829 95918 97662 99020
4
4 2 6 2 1 4 2 2 1 3 3 2
4 3 2 2 1 3 5 1 3 3 1 2
4
968711 540003 237289 238784 11060 290841 908787 782201 319780 600737 625950 310529
661753 965084 411861 360670 241265 932407 108825 934529 350997 960039 158281 76662
5
874240 496469 98492 678222 545900 157762 837345 908889 739511 370522 838752 56432 659126 929593 329641
393743 534169 834168 678841 9608 84067 983233 545121 951510 20238 641436 177913 390057 240984 910211
5
435100 539042 959447 399732 158778 900130 475463 325830 119525 258789 631519 522916 41990 818026 492137
947080 710145 649255 281172 860360 867217 189262 942632 457770 18971 853612 785396 424654 41818 957389
5
73274 75209 75874 75122 74829 74926 75268 77512 74259 73552 73469 75309 74710 74342 74519
76299 75138 75152 75829 72702 74269 74921 74612 74911 74101 75209 76683 74246 73542 74555
5
952448 764124 560048 569557 189553 794944 149788 190225 579988 969460 254673 66198 389046 290533 365381
128190 851812 266361 92979 238365 784983 358038 558966 916909 400349 697658 324366 970220 748184 463953
3
59130 58924 59600 60183 58657 59116 58164 58840 59233
58382 59635 59859 59295 59311 59367 58195 59516 58288
4
435194 413952 157601 646154 687267 711160 649100 868651 157151 769140 578392 706812
456093 212679 110715 257103 283962 896900 602981 766037 758617 757647 377052 260093
4
631063 82837 91386 475067 593955 37622 145278 448108 968813 355274 810759 58663
901114 960203 943068 735099 205556 671807 908954 64212 326641 629543 965367 718314
3
985263 983924 974131 985260 975728 984363 975716 985676 973932
986211 968481 975124 992518 979424 988200 982865 977021 974149
3
4 5 2 2 5 4 3 6 6
7 8 3 4 3 3 3 4 2
4
318486 351388 779886 118965 974298 424647 581479 627569 238474 588764 300034 399989
876675 593411 539496 415085 199350 145688 874747 333474 618903 734735 366824 276197
5
563805 401194 55529 524531 318792 276528 706467 463097 800827 870654 970851 506837 424408 595394 518984
60760 172854 812159 695055 579996 954920 496985 403210 764097 400256 658103 837130 527308 773941 719676
4
498922 17232 700568 449029 610965 617559 9424 271118 227188 265123 145029 822961
928135 808425 689568 556264 371741 643658 980334 631555 639286 549293 196553 24160
4
4 3 2 3 2 3 7 4 2 2 4 4
2 2 3 5 4 3 2 4 3 1 4 6
5
567073 560059 566509 571647 580325 577715 571002 558415 566000 562735 575723 569759 566914 560570 565611
566821 563955 556918 572561 560742 555754 555506 575217 570971 571764 579573 569429 574265 570562 576019
4
256368 255113 258517 256158 258439 256578 260219 261351 259220 257512 264351 258649
260956 256856 258387 262019 258598 254591 258637 255744 258560 259213 258660 260253
3
2 4 1 4 2 4 3 4 4
7 5 3 2 1 2 2 3 3
5
661233 90400 609758 828141 507211 342214 319512 117208 727459 398286 79343 561064 971551 347666 637993
822296 233825 386381 669408 92398 49244 738833 411564 759807 893676 116666 135652 409783 893569 515133
3
6 3 6 5 5 5 5 11 7
4 1 7 2 3 8 10 8 6
4
9729 871975 334153 830555 357802 470437 610469 340339 864793 452620 757266 692517
835609 436311 794926 192603 155919 86021 591304 840677 701243 418596 582472 74557
4
152694 448625 733980 429655 328504 599914 820880 717187 626226 37637 285740 408474
160425 384580 713648 405456 976898 63726 826018 72005 6753 310039 406997 571051
5
546400 673432 596790 8722 218793 261594 419248 411071 664794 681263 606905 492 635950 28153 166004
913960 745549 439789 415733 175785 886352 460101 347581 673553 235321 438722 63294 176350 425894 483965
5
224947 332606 536451 458327 831738 938487 426964 934444 25703 731117 634025 157401 780853 682981 604829
756188 971289 372634 719993 472810 978332 874388 448284 513820 109137 484132 928559 245718 136192 479057
4
2 5 2 5 6 2 4 2 3 1 3 4
3 2 6 2 2 3 6 1 1 3 3 4
5
578363 43056 794766 533861 745774 924186 729487 517215 563836 251280 249755 315850 936037 413129 950166
816798 50871 381543 709043 113636 112812 613784 88180 576430 174131 487502 774146 303664 950009 757156
4
383201 174165 782554 27814 834977 115485 877565 233823 176192 438287 28370 163195
4206 709793 21785 963732 535656 91227 780213 178032 34990 614998 152318 845084
5
445411 442919 436231 451820 452236 440503 453360 444322 449930 446125 436658 444068 446692 457060 446734
443084 450647 443113 449811 439806 449415 447097 451196 452125 442669 446688 443921 443104 450617 440777
5
142694 142245 147465 144003 146651 144881 145303 147003 144496 141828 143900 144359 142911 147720 145959
144006 143132 144497 144433 147778 145842 144285 143908 144869 146447 147550 144554 143451 144304 142362
5
383944 304432 21834 502304 368478 401236 6963 15948 533475 189693 437174 47076 146228 645962 819492
344312 874361 219692 929003 305927 118430 56419 645100 534478 739957 69192 635079 707306 584421 358229
5
765407 151171 248788 809801 822999 193394 64231 936790 116880 439113 481834 759208 369149 177363 394310
504998 129688 184386 971056 322331 282534 310087 223815 357558 928731 872054 529312 584445 592338 64428
5
662699 663087 667309 658234 677645 656212 651358 665168 671427 674119 669370 661443 664116 672467 671641
655592 668009 670708 659973 667240 665330 685890 677526 664197 655699 649228 675237 658646 666702 666314
5
829554 896236 219092 273063 526191 979203 965301 703519 272693 344793 142643 373855 401048 274009 64638
320606 255022 702507 144501 86256 612611 348631 547179 266026 453035 773998 379934 419604 644680 217226
4
401455 47325 622103 725502 114109 560202 866348 127235 261570 37334 86004 230222
197261 301059 598418 382180 622425 518314 73919 884811 68354 746328 278243 935534
5
1 3 2 1 2 1 2 4 1 2 1 3 1 2 5
1 2 2 3 1 1 4 6 1 1 1 4 4 1 1
5
2 2 2 2 2 2 2 2 2 2 2 2 4 5 6
2 2 2 3 3 3 3 3 3 3 3 3 3 3 3
5
722380 974427 681315 337201 572313 581134 922463 284016 973072 302750 984845 377012 527402 190095 879096
501959 605058 559971 916654 149825 174143 861960 868195 987667 166346 200682 313368 171696 312770 593412
4
294449 295853 290958 294981 301103 295755 296742 293961 294750 295616 297939 297946
295095 292113 292315 297242 299610 300772 296998 296210 295957 297465 295249 291032
5
331076 793401 764182 124519 36866 101605 184649 949027 792992 110710 73964 462049 794263 683067 274934
820594 926441 399196 26071 253755 78825 542468 597944 654785 523340 588669 735734 579527 243678 219203
4
3 1 2 3 4 2 3 2 1 2 5 4
3 1 3 1 5 2 2 2 1 2 3 3
5
638562 445138 81260 892790 153599 375760 632450 372328 194897 798285 604008 482066 496472 714718 208970
49255 729787 844921 242520 120170 189848 43660 496659 65068 484194 290502 899801 954600 436692 949565
5
57565 741703 751702 103682 995246 499935 405837 822698 389903 920801 675518 342129 112220 104523 528051
192086 355659 139409 161970 546096 906437 432890 826337 402178 905436 785184 284698 719529 778905 702414
5
545063 873687 65222 378336 324764 143957 342333 106599 639306 212103 85827 863795 225748 464676 850871
831919 315883 524028 855370 534862 150801 113316 605945 137576 977807 678785 269419 956274 392407 379118
3
4 3 3 7 3 4 4 3 5
5 4 8 4 6 3 2 3 6
4
888746 902989 872049 888185 881600 876448 875781 894348 889963 873795 893693 871709
885756 883175 869787 885755 867058 887788 891579 877479 886702 896264 879978 897980
4
1 3 2 2 1 1 2 3 2 3 1 1
1 3 1 1 2 1 2 3 2 1 2 4
4
358716 577463 809177 648894 471705 767644 959566 198035 461706 25605 903737 60568
952757 76011 120241 941016 144462 224525 866665 842284 565999 116695 317634 270510
5
15 15 15 15 15 15 15 15 15 15 15 15 15 15 15
15 15 15 15 15 15 15 15 15 15 15 15 15 15 15
5
471344 640283 72507 415029 840135 83773 743294 611303 424377 806676 918335 92985 440732 341299 403091
874292 472884 752014 844128 419588 253219 256544 780790 284200 680976 135569 620566 672507 4277 890480
3
920694 942061 941872 937346 925765 916813 955424 948277 937307
943986 930707 940852 942583 936936 922403 924392 938296 945404
5
237637 66557 69449 725892 697080 793102 281459 226352 641683 533833 108925 493764 668310 582996 673560
433341 734115 601975 56007 914530 533986 103687 194983 911306 671391 711734 513056 474990 691025 393223
5
926614 529939 503823 905313 9509 913572 605347 340135 684540 730804 446899 576622 254291 303518 499032
685313 204412 827290 200469 859895 181288 979896 484488 784890 249437 484948 21410 411137 115237 420302
4
862269 298741 506973 318105 883667 285998 34236 518474 648472 153198 720449 907186
712818 307737 278496 498590 249613 516708 992701 173431 752768 399460 667812 755442
5
484745 607051 22354 231431 673500 605487 665998 463641 700786 700000 228062 600586 104945 269432 490901
158549 170661 411616 66052 37522 208293 911665 243260 691617 671812 10883 778439 334914 799152 934420
5
331373 810243 582654 419673 334798 632827 667804 294572 591314 711258 971950 992100 762125 220771 834813
261913 397942 660553 772159 235088 9553 320454 126364 962853 276513 417326 914858 155705 336615 57977
4
674224 322462 469328 297214 544153 992914 770429 942845 685361 744821 335499 344716
89600 862360 571465 412448 29914 760361 329631 747247 696169 673325 541872 120210
5
975668 23609 824463 843381 995668 695419 551881 670388 128932 923337 68427 777655 650313 300587 323982
467177 514742 568231 291255 39188 163015 422799 299635 657340 772639 459230 246243 107143 203958 554828
3
4 6 3 2 2 2 1 4 1
2 2 3 2 2 2 1 2 1
5
595901 604922 603762 604240 608358 604416 607870 609435 606206 609877 613309 607519 606976 600619 613774
605780 606166 604815 614938 604379 603572 606917 612584 597504 607928 617318 611192 604105 596195 603786
5
773634 679466 291268 799350 207390 157692 646247 102235 963157 275914 710278 130580 443993 725302 58072
919172 848186 805448 499843 432668 408462 541981 130226 165050 399287 979840 734549 621995 241573 735648
4
655579 505300 288913 755407 806346 190784 642574 518968 159536 323251 446070 566073
103166 39137 294052 395151 172803 678058 980373 523162 925982 38230 569616 481274
4
683060 94700 647380 464052 991118 528043 236985 741221 351058 14566 139341 304282
870867 527448 204469 203634 963083 528718 28087 640072 959934 425303 264749 951065
4
1 1 2 1 3 1 1 2 2 1 2 1
2 1 2 1 1 2 1 1 1 2 1 1
4
2 2 1 3 5 5 1 2 3 3 3 7
3 6 5 1 2 2 3 2 3 3 3 2
3
35602 35134 34718 34747 34829 35267 35552 34974 35399
35536 34768 35320 34996 35840 35063 35237 34908 34555
4
562976 563624 561132 568343 564484 570111 557284 553889 562217 564034 566023 558832
565456 558994 560790 557604 558059 556014 556451 567635 572667 567730 565639 565912
4
941928 762029 790281 500198 747044 912789 123924 83421 797612 483775 855628 897135
638789 711668 996325 552783 1195 259672 115430 718406 627223 568797 779062 863198
5
2 2 2 2 2 2 2 2 2 2 2 2 3 3 3
2 3 3 3 3 3 3 3 3 3 3 3 3 3 3
5
577032 179690 627483 443412 214688 891048 304566 61652 101369 791244 683504 264881 139325 227618 895414
209748 564356 78205 240152 556325 981140 651235 887146 799007 902471 49661 819771 84322 612870 638262
4
724400 225836 606719 516339 894914 727113 386715 241575 779434 46958 138389 530905
812345 934443 366745 188166 558907 595588 187824 78175 788103 523479 632403 885567
5
987913 221997 982839 72656 269530 608304 542798 38703 612342 538544 885972 155961 201884 16315 179487
408409 737610 213820 799078 210027 792736 216405 2315 303922 558545 788492 715257 249451 454720 145928
5
926086 451450 680024 46683 665566 118566 278674 423912 948492 871805 507008 249130 213058 300573 773866
566989 652347 965604 875540 809227 512300 97159 492714 70111 285510 83889 587537 200110 166654 870270
5
993328 550739 487205 591534 328301 114345 183389 897321 407809 447578 1962 776835 46340 500505 890154
142666 314919 663846 76249 587173 11062 455984 945025 837083 213946 444103 671564 363699 819486 75783
3
4 1 5 4 6 3 2 7 5
3 8 3 5 2 3 1 5 5
5
1 3 3 4 1 2 3 1 1 2 2 1 2 1 1
2 1 3 3 2 1 2 1 3 1 3 3 1 1 1
4
3 1 2 2 2 3 1 2 2 1 2 2
2 2 2 3 1 3 1 1 1 1 3 1
5
740572 739289 744163 739542 749010 740595 746731 733195 738017 747407 749268 753011 740323 747324 743203
744396 754105 744220 757102 751052 726640 729910 743386 750073 735094 749907 760245 730477 731325 743720
5
947041 73709 145597 408224 477631 11366 296635 799315 641627 930012 791035 414859 26855 237856 27099
880458 253825 939585 5658 260222 44700 612477 730063 671786 833017 67882 29290 781343 512301 187521
3
867706 854291 863302 880727 853913 850101 865107 849366 867372
868332 870609 859983 855044 865491 858397 856130 865307 852595
