100
3
2 2 2 2 2 2 2 3 3
2 2 2 2 2 2 2 2 2
3
2 2 2 2 2 2 2 3 3
2 2 2 2 2 2 2 2 3
3
4 5 1 5 4 7 7 3 4
4 5 5 6 4 5 3 3 5
3
4 5 5 6 5 4 3 3 3
5 4 4 7 6 2 4 3 2
3
5 4 2 8 4 5 5 5 5
2 4 4 4 3 6 4 6 5
3
10 6 4 5 4 3 8 3 5
6 6 4 7 4 4 4 6 7
3
965079 630829 859588 625951 583274 368560 242960 985523 476330
44298 74505 784335 167372 488807 44001 818200 401115 938461
3
22660 494809 127629 475716 215972 670540 542912 571393 65520
62784 658568 12145 231308 912736 113860 677243 975031 293869
3
620733 234405 786248 144976 249080 428735 627083 740495 816560
233715 864878 613272 630775 747117 27818 691777 706364 165651
3
626870 933639 74379 768773 226160 967192 974849 276145 620498
399552 538072 778813 335681 14523 251272 201194 962466 651338
3
293271 295498 293479 287401 295975 290587 292038 291628 288737
292987 294035 295075 289948 295301 288962 291017 293343 287946
3
869227 777495 404393 966690 313479 940199 756407 600571 708102
546830 366643 997674 744143 983831 699469 799200 342822 274960
3
430023 976629 883036 830047 431876 524862 186804 122958 907313
660791 615879 510343 657808 735881 693085 931070 294587 824280
3
993560 977222 831765 896630 290098 746959 186371 518837 803824
125721 672874 810524 162749 527688 808837 790352 299534 706265
3
783985 786951 793821 776821 798468 804345 788863 777764 781114
781590 800210 787788 776972 793690 790121 784600 788572 788589
3
1000000 981106 1000000 991856 981833 987349 998358 999005 1000000
1000000 995706 1000000 997770 987406 991339 983096 995383 989737
3
758293 941623 850278 243198 302405 359547 404512 411467 350443
957883 551025 488590 533343 941180 109033 599689 550820 91219
3
651681 650286 644486 643853 660202 653402 643536 638443 654875
642850 655507 635598 656552 652784 644727 657116 648629 647002
3
951137 483817 353452 565454 217264 57829 319791 355105 695645
539287 192117 263673 220620 662598 992215 942104 445705 935214
3
192024 194580 193731 195942 194009 193922 190656 192185 195723
194543 192748 192584 196714 194116 193520 191542 192867 194138
3
62906 62181 361808 565319 775366 332478 501661 918972 775551
302615 349883 921187 356589 530747 408139 380314 997149 806345
3
340018 729561 633075 592679 422362 441533 298153 225582 783404
965299 321337 913701 808339 487965 99264 697068 627760 539784
3
713488 682438 9640 883259 909311 211413 276230 708817 519121
809176 669967 103603 202436 575115 185166 721594 45878 791847
3
295565 592143 914845 109255 528554 990511 230056 865974 254937
256342 222081 452342 436896 534347 156749 267477 768846 186676
3
842278 419636 890665 641332 159219 569255 745852 460121 964822
503224 769070 673783 223865 879776 960519 186089 37996 644115
3
383422 387687 389559 391434 380921 390473 382741 384997 390799
390795 389091 386680 384649 381738 387580 388641 389224 383634
3
883631 428293 66242 169093 300526 310456 811484 358169 434663
629245 73967 639487 731830 843339 338841 445403 351267 943139
3
4 2 3 2 3 3 1 2 1
2 2 4 1 2 3 3 2 3
3
4 7 5 3 2 4 5 4 2
8 5 4 2 2 4 6 3 5
3
3 2 1 2 2 5 2 2 2
2 1 5 2 3 2 2 2 1
3
4 4 4 2 3 4 3 5 6
4 7 5 4 4 4 3 2 3
3
745698 658181 680978 204347 217425 270560 112177 806970 597728
389715 941943 831093 219421 383448 132397 610413 91199 261043
3
537949 546874 535800 542313 546433 549394 549785 536957 546486
544832 541560 543469 536350 531577 546520 550870 546831 549989
3
963330 963867 966589 964978 961532 971051 976786 967724 960227
974099 968768 974479 966713 951536 963227 966914 957244 973104
3
895961 668115 126062 442701 849916 174834 477283 895684 557121
323260 558492 495792 328414 984150 144435 107780 659380 63141
3
215645 215546 215239 219140 218627 220355 217440 218042 213118
216761 218354 218597 215057 213364 217569 214831 220225 218391
3
623197 618558 615775 618771 627589 615340 616030 623484 615560
624626 613335 625834 621208 623179 611629 623902 618341 612245
3
884708 172252 782119 864908 356233 745626 637848 822855 712483
163981 27674 618415 430868 851133 849039 337141 476306 668565
3
298401 294020 303649 300031 298127 299120 301679 299001 302831
294730 300630 294595 301633 299301 301716 299841 300492 303922
3
2 3 2 2 2 3 3 1 3
2 2 4 3 1 3 1 2 5
3
2 2 2 4 4 3 2 3 6
4 2 2 1 6 3 6 4 2
3
191134 194826 194877 192918 192711 193398 195496 192856 190654
191939 193950 194633 194958 191591 194797 191611 192890 192494
3
281596 261818 535494 62621 267010 678790 148770 484538 814924
213123 701406 653270 934726 762906 89188 330934 591319 885075
3
785710 775464 778695 768874 778969 787908 776314 786247 776375
788966 771436 781211 780955 781822 780691 771934 781612 775927
3
799658 791498 359249 5489 787089 13237 645315 903946 546740
541705 733515 876217 422409 99845 291773 914837 36771 2274
3
606443 592298 602607 597789 593988 606096 599156 593634 594386
595719 600994 605880 597423 596520 604512 595751 587573 602026
3
2 2 2 2 2 2 3 3 3
2 2 2 2 3 3 3 3 3
3
9 9 9 9 9 9 9 9 9
9 9 9 9 9 9 9 9 9
3
989565 531630 9561 745704 600077 686070 774762 582707 515725
127879 376332 615127 640358 259509 785006 584776 579295 445673
3
203367 205504 201278 205929 201104 205454 201010 201455 202280
203831 203261 201525 205292 202742 200082 201803 203156 205688
3
550409 549180 541643 548764 548992 544366 550281 555557 535624
548883 549018 551440 548330 547176 549433 541221 542026 547294
3
2 2 3 2 3 2 1 3 3
2 3 1 3 5 2 2 3 6
3
271934 864345 222290 487478 2988 200398 24741 162830 755759
535138 918743 9022 937083 767042 215832 589206 453571 69492
3
235741 237710 237547 232291 235633 236216 234925 234831 236901
231844 235839 232749 238091 235686 237416 236396 235230 238543
3
520934 984520 346087 841380 317233 240752 240638 91478 978679
728649 219336 639546 202714 954643 776055 24766 677982 79485
3
701146 689655 697885 694114 697369 687534 685662 706078 694848
692329 689472 689789 702545 696356 696010 701061 694851 691878
3
222750 252882 351110 583625 32586 904501 505993 882029 240775
254202 837175 935624 276239 300622 817459 201437 67627 368067
3
4 4 2 5 6 4 2 5 2
2 8 8 4 3 2 3 3 3
3
36603 30924 520985 403397 741573 837571 901444 766314 892720
263016 113494 48598 875560 455119 540717 858713 772796 894739
3
927287 681216 877730 543300 903693 42456 148204 660888 476305
995100 71118 455785 908652 703369 992861 443240 233343 647373
3
2 2 2 2 2 2 3 3 3
2 2 2 2 2 3 3 3 3
3
3 3 3 1 2 3 1 3 1
1 2 2 5 3 2 2 2 1
3
4 2 3 4 3 3 3 2 1
6 2 1 3 1 4 3 1 3
3
931567 164255 616576 905157 72034 872486 473033 922242 764676
915090 940017 793961 93629 239611 550435 171113 424999 848469
3
143905 145431 143409 145529 143920 143903 142983 145948 142324
140992 144306 143869 145507 144082 143768 144336 146395 144103
3
1 6 5 4 5 3 3 6 2
7 4 3 1 1 5 5 8 6
3
328644 174074 302107 694824 226096 26188 104486 311806 992869
751323 781045 340277 200168 985059 701534 617963 254130 79336
3
636460 431131 266586 34314 878960 967374 842611 719063 713751
515281 398006 38336 967397 734415 603271 825042 436861 58853
3
70798 734735 284643 902531 743884 711489 618412 865452 492371
350820 502369 325137 713001 30048 668742 295870 968073 86135
3
865338 854596 863655 867090 851782 858053 864809 867083 861694
863071 859456 853953 860494 860432 854259 862776 862861 876804
3
522653 257988 988060 95018 493301 945136 941557 155462 570046
691976 696334 207430 173174 452740 494328 369038 904167 147315
3
480488 347572 166681 575143 648528 252406 101965 304716 649110
72156 271801 167818 533521 774801 224836 430068 158602 916106
3
5 3 1 5 4 4 3 4 3
5 3 2 1 3 4 3 3 3
3
909705 929433 925662 908031 920313 900600 929785 917773 928439
922270 915618 919038 933717 909668 913205 910841 919757 925630
3
299372 478868 13109 711297 941954 591855 389307 79532 197548
380146 199581 980356 864089 376084 498830 864232 636334 22710
3
66070 66354 65948 67139 66640 65823 65933 66509 66045
66422 65650 66398 66810 65546 65847 67768 66340 65679
3
1 1 1 1 1 1 2 1 1
1 1 1 1 1 1 1 2 1
3
65482 402056 332469 960260 479499 513209 443553 450820 637210
796870 109963 632641 600721 310619 689694 775686 221064 797153
3
506230 815591 836239 952028 270109 954591 990803 116031 243449
312719 476701 896426 472966 227035 163684 931098 207721 648536
3
4 4 3 5 4 3 2 3 2
4 4 4 4 4 4 2 5 2
3
2 6 1 1 4 2 2 3 2
2 5 2 2 4 2 2 1 1
3
839349 386925 354441 190301 542030 875640 883166 828342 430767
105967 729530 805225 579472 521458 764888 870973 694144 692545
3
720091 149615 711647 609652 794346 662320 738749 770186 305312
449967 815968 721674 610643 206425 202302 451426 141731 653865
3
3 2 4 3 3 1 4 1 3
3 3 3 4 3 4 3 5 2
3
1 3 1 1 2 2 1 4 3
2 2 3 1 1 1 1 2 1
3
338434 50614 345602 266996 981851 984539 256984 209331 198501
441502 904595 60748 902539 454137 483838 211000 561967 200424
3
399348 390041 398698 394716 407207 402615 395970 398648 397825
388479 399312 403019 395233 401017 402491 397572 398411 399540
3
2 1 1 2 1 3 2 2 2
1 1 2 1 4 2 1 2 2
3
5 1 4 3 2 4 5 4 5
3 4 5 4 4 2 5 4 3
3
996737 6399 770920 723004 951807 645370 35030 622736 834960
881015 751616 164254 36253 902181 533641 333917 767922 490924
3
3 6 5 5 1 5 5 4 2
2 2 5 4 4 4 10 2 3
3
144174 362415 54474 140944 506731 418166 694658 339878 918438
868948 540497 257933 509220 136771 186596 163224 827995 219547
3
871232 312523 215716 211783 755756 518674 488724 372039 560804
134589 417095 598258 255775 233925 721103 666373 325943 253537
3
3 2 2 5 1 1 1 3 2
3 1 2 3 3 4 1 3 2
3
162769 165077 162332 160504 162537 163452 161746 161984 163380
162247 160451 162806 164000 162090 161641 161752 164558 164240
3
215384 267194 857289 546382 382263 119016 145701 308461 620315
877026 929123 279851 84797 92219 525097 14418 884993 758866
3
222133 141350 761538 963066 456193 491230 734822 37201 739830
331856 49731 512594 59639 221052 566912 760028 169621 43281
3
69134 897978 734762 274745 203954 987952 493025 272924 974651
521092 690006 951364 890249 847945 980434 895903 491080 328740
3
52633 955718 560376 794025 579846 207592 453615 219348 693678
778738 219564 494097 496679 83837 526990 418463 958375 479105
3
30597 30846 30732 30631 30748 30641 30779 30849 30829
30608 30404 31002 30987 30588 30879 30906 30789 30495
