89
01111111111111111111111111111111111111111111111111111111111111111111111111111111111111111
10111111111111111111111111111111111111111111111111111111111111111111111111111111111111111
11011111111111111111111111111111111111111111111111111111111111111111111111111111111111100
11101111111111111111111111111111111111111111111111111111111111111111111111111111111111000
11110111111111111111111111111111111111111111111111111111111111111111111111111111111111000
11111011111111111111111111111111111111111111111111111111111111111111111111111111111111000
11111101111111111111111111111111111111111111111111111111111111111111111111111111111111000
11111110111111111111111111111111111111111111111111111111111111111111111111111111111111000
11111111011111111111111111111111111111111111111111111111111111111111111111111111111111000
11111111101111111111111111111111111111111111111111111111111111111111111111111111111111000
11111111110111111111111111111111111111111111111111111111111111111111111111111111111111000
11111111111011111111111111111111111111111111111111111111111111111111111111111111111111000
11111111111101111111111111111111111111111111111111111111111111111111111111111111111111000
11111111111110111111111111111111111111111111111111111111111111111111111111111111111111000
11111111111111011111111111111111111111111111111111111111111111111111111111111111111111000
11111111111111101111111111111111111111111111111111111111111111111111111111111111111111000
11111111111111110111111111111111111111111111111111111111111111111111111111111111111111000
11111111111111111011111111111111111111111111111111111111111111111111111111111111111111000
11111111111111111101111111111111111111111111111111111111111111111111111111111111111111000
11111111111111111110111111111111111111111111111111111111111111111111111111111111111111000
11111111111111111111011111111111111111111111111111111111111111111111111111111111111111000
11111111111111111111101111111111111111111111111111111111111111111111111111111111111111000
11111111111111111111110111111111111111111111111111111111111111111111111111111111111111000
11111111111111111111111011111111111111111111111111111111111111111111111111111111111111000
11111111111111111111111101111111111111111111111111111111111111111111111111111111111111000
11111111111111111111111110111111111111111111111111111111111111111111111111111111111111000
11111111111111111111111111011111111111111111111111111111111111111111111111111111111111000
11111111111111111111111111101111111111111111111111111111111111111111111111111111111111000
11111111111111111111111111110111111111111111111111111111111111111111111111111111111111000
11111111111111111111111111111011111111111111111111111111111111111111111111111111111111000
11111111111111111111111111111101111111111111111111111111111111111111111111111111111111000
11111111111111111111111111111110111111111111111111111111111111111111111111111111111111000
11111111111111111111111111111111011111111111111111111111111111111111111111111111111111000
11111111111111111111111111111111101111111111111111111111111111111111111111111111111111000
11111111111111111111111111111111110111111111111111111111111111111111111111111111111111000
11111111111111111111111111111111111011111111111111111111111111111111111111111111111111000
11111111111111111111111111111111111101111111111111111111111111111111111111111111111111000
11111111111111111111111111111111111110111111111111111111111111111111111111111111111111000
11111111111111111111111111111111111111011111111111111111111111111111111111111111111111000
11111111111111111111111111111111111111101111111111111111111111111111111111111111111111000
11111111111111111111111111111111111111110111111111111111111111111111111111111111111111000
11111111111111111111111111111111111111111011111111111111111111111111111111111111111111000
11111111111111111111111111111111111111111101111111111111111111111111111111111111111111000
11111111111111111111111111111111111111111110111111111111111111111111111111111111111111000
11111111111111111111111111111111111111111111011111111111111111111111111111111111111111000
11111111111111111111111111111111111111111111101111111111111111111111111111111111111111000
11111111111111111111111111111111111111111111110111111111111111111111111111111111111111000
11111111111111111111111111111111111111111111111011111111111111111111111111111111111111000
11111111111111111111111111111111111111111111111101111111111111111111111111111111111111000
11111111111111111111111111111111111111111111111110111111111111111111111111111111111111000
11111111111111111111111111111111111111111111111111011111111111111111111111111111111110000
11111111111111111111111111111111111111111111111111101111111111111111111111111111111110000
11111111111111111111111111111111111111111111111111110111111111111111111111111111111110000
11111111111111111111111111111111111111111111111111111011111111111111111111111111111110000
11111111111111111111111111111111111111111111111111111101111111111111111111111111111110000
11111111111111111111111111111111111111111111111111111110111111111111111111111111111110000
11111111111111111111111111111111111111111111111111111111011111111111111111111111111110000
11111111111111111111111111111111111111111111111111111111101111111111111111111111111110000
11111111111111111111111111111111111111111111111111111111110111111111111111111111111110000
11111111111111111111111111111111111111111111111111111111111011111111111111111111111110000
11111111111111111111111111111111111111111111111111111111111101111111111111111111111110000
11111111111111111111111111111111111111111111111111111111111110111111111111111111111110000
11111111111111111111111111111111111111111111111111111111111111011111111111111111111110000
11111111111111111111111111111111111111111111111111111111111111101111111111111111111110000
11111111111111111111111111111111111111111111111111111111111111110111111111111111111110000
11111111111111111111111111111111111111111111111111111111111111111011111111111111111110000
11111111111111111111111111111111111111111111111111111111111111111101111111111111111110000
11111111111111111111111111111111111111111111111111111111111111111110111111111111111110000
11111111111111111111111111111111111111111111111111111111111111111111011111111111111110000
11111111111111111111111111111111111111111111111111111111111111111111101111111111111110000
11111111111111111111111111111111111111111111111111111111111111111111110111111111111110000
11111111111111111111111111111111111111111111111111111111111111111111111011111111111110000
11111111111111111111111111111111111111111111111111111111111111111111111101111111111110000
11111111111111111111111111111111111111111111111111111111111111111111111110111111111110000
11111111111111111111111111111111111111111111111111111111111111111111111111011111111110000
11111111111111111111111111111111111111111111111111111111111111111111111111101111111110000
11111111111111111111111111111111111111111111111111111111111111111111111111110111111110000
11111111111111111111111111111111111111111111111111111111111111111111111111111011111110000
11111111111111111111111111111111111111111111111111111111111111111111111111111101111110000
11111111111111111111111111111111111111111111111111111111111111111111111111111110111110000
11111111111111111111111111111111111111111111111111111111111111111111111111111111011110000
11111111111111111111111111111111111111111111111111111111111111111111111111111111101110000
11111111111111111111111111111111111111111111111111111111111111111111111111111111110110000
11111111111111111111111111111111111111111111111111111111111111111111111111111111111010000
11111111111111111111111111111111111111111111111111111111111111111111111111111111111100000
11111111111111111111111111111111111111111111111111000000000000000000000000000000000000000
11100000000000000000000000000000000000000000000000000000000000000000000000000000000000000
11000000000000000000000000000000000000000000000000000000000000000000000000000000000000000
11000000000000000000000000000000000000000000000000000000000000000000000000000000000000000
