100
3 1 4
1100
1010
0000
1000
2 4 4
1111
1111
1111
0111
1011
1101
10 10 5
11011
10101
11011
11111
10100
11111
11101
10101
11100
11101
11101
10100
11001
01011
10011
11111
10101
11011
11100
11010
10 7 10
1111100000
1011011101
0110101011
0110010110
1101100110
0011001011
1000101001
0010111100
0001110000
0001111000
1110001010
1010000101
0100011001
0000010001
1011011001
1100100100
1111001000
10 10 5
00110
00110
11101
01001
11011
11111
00100
01011
00010
00001
11101
11111
00010
00110
01001
11011
00001
10110
00100
01011
10 10 9
101001001
011011111
000100000
001100111
100101010
111011000
100111011
111010010
110001101
010100100
001100111
100111011
101001001
010100100
000100000
111011000
100101010
110001101
111010010
011011111
10 10 8
10000010
11101100
11001101
01000100
10000110
00000010
00000010
10000010
11101101
01000000
10000110
10100010
11001101
00000010
11101101
01000100
01000000
11000010
11101100
10000010
10 1 4
0000
0100
1010
0001
0100
1011
0010
1000
0010
1010
1100
10 10 8
11010111
01000111
11000101
11000101
11010100
11000111
01000011
11010101
11100111
11000111
01000111
11000101
01000011
11100111
10010111
11010101
11010111
11000111
11010100
01010111
10 10 4
1011
1011
1011
1011
1011
1011
1011
1011
1011
1011
0001
1001
1111
0111
1101
1110
1011
0011
0010
1010
10 10 9
000111000
000100000
000111000
000110100
000011000
000110010
000111000
000110000
000111100
000110100
000100000
000110100
100111000
000011000
010111000
000111100
000110010
000111000
000110000
001111000
10 10 9
100001100
000011011
000011000
111100101
011101001
101001001
110011100
001100010
011001010
001011110
111100101
001011110
101001001
001100010
000011011
011101001
100001100
011001010
000011000
110011100
10 10 6
110100
101100
110011
101101
100100
100101
101101
100101
100101
101101
110011
111100
100101
100100
101100
110100
110110
110000
101101
010100
10 10 5
11001
01001
01100
01010
01000
01111
01110
01110
10000
00100
01010
01110
01100
10001
00100
10000
01001
11001
01000
01111
10 10 10
0111100110
0111100110
0111100110
0111100110
0111100110
0111100110
0111100110
0111100110
0111100110
0111100110
0111000110
1111100110
0101100110
0111100010
0111100110
0111100100
0111101110
0111110110
0110100110
0011100110
10 10 5
01000
00111
11111
11011
01100
01111
11111
11011
01101
11101
11000
01000
01100
11101
00111
01111
11011
11111
00000
01101
10 10 8
01111010
00001100
11010101
11001101
11011100
01100011
00001010
10110001
01001100
00011111
01001100
11001101
00001100
11011100
01111010
01100011
00011111
11010101
10110001
00001010
10 10 10
0100010000
0100010000
0100010000
0100010000
0100010000
0100010000
0100010000
0100010000
0100010000
0100010000
1010010101
1001010111
1000011011
0110001101
0101000100
0111010000
0101100000
0100000000
1001101010
1100010110
10 10 4
0100
0010
1001
1011
1110
0110
1010
1010
0110
0111
1100
0100
1010
0111
1001
0010
0000
1110
0110
1011
8 10 10
0001111110
1011111010
0010110101
0010100100
0000010001
1011100001
1100100011
0111011001
1100000101
0101010010
0111011110
1001111010
0000010000
0011001000
1111001000
1000111101
1010011100
0101100110
10 10 8
11011110
10111101
00100101
10001111
11100110
10001001
00010101
00010110
00110000
10000110
01010110
01110011
10000001
00101000
11111111
10101110
01101100
11001111
01000110
11100110
10 10 10
0000011111
0010000010
0010010001
0010011111
0101100010
1110010101
1101111111
0100111101
0010100000
0111010111
0010000010
0010010001
0111010111
0010100000
0000011111
1110010101
1101111111
0100111101
0101100010
0010011111
10 10 4
1101
1101
1101
1101
1101
1101
1101
1101
1101
1101
0111
1001
1100
1101
0100
0001
1000
0101
1111
1011
1 1 1
1
1
10 5 10
1111100000
0000001111
1101001011
1101000101
0010101110
1010100110
0000000110
0010101000
0100011101
0100101110
1110101110
1110111111
0110001100
0011111011
0000000010
1 10 10
0011011010
0000110010
1010011111
0111100010
0101011001
0111011101
0011101101
0011011010
1100110000
1101011110
0011001010
10 10 10
0100000011
1011101111
1001000001
1100101111
1110011100
0010011100
1000010011
0110011111
1000101000
0011010100
1000010011
1110011100
1000101000
0011010100
1011101111
1001000001
0010011100
0100000011
1100101111
0110011111
10 10 5
10000
10000
10000
10000
10000
10000
10000
10000
10000
10000
00010
00000
10100
10000
10001
10010
11000
00001
00100
01000
5 4 10
1011000100
0011110101
0111111010
0010110100
0011111000
0010000111
0000010011
1101101011
1100110110
10 10 8
11111010
11110010
11111010
01111010
11110010
11101010
11011010
11111010
11011010
11011110
11111000
01111010
11111110
11101010
11110010
11111011
11111010
10111010
11011010
11011110
10 7 3
110
101
110
101
001
001
100
010
010
001
111
110
011
101
010
100
001
10 9 6
001111
011011
010001
100101
110111
100000
011010
110110
001011
101111
110100
110110
100111
011100
001111
000101
010111
110111
111100
10 1 1
0
0
0
1
1
0
0
1
1
0
0
10 10 5
11100
11111
11011
11100
11100
11100
11111
01001
11000
01001
10100
11101
11000
01100
11100
01111
11011
11111
01001
11110
10 10 6
111110
111110
001111
110010
101100
111110
000011
110100
001000
011011
101110
001111
011011
011110
110010
110100
111110
101100
001000
000011
10 10 4
0101
1101
1011
1101
0111
1101
1101
0011
1011
1110
0011
1111
0101
0100
1101
1110
1001
1011
0111
0001
2 4 6
011001
010001
101011
111111
011001
010001
1 10 10
1101111000
1100010110
0100110110
0111001010
1000000010
1101111000
1001111100
0111110100
0011010010
0000101001
1000010110
10 10 10
1010101000
1010101000
1010101000
1010101000
1000101000
1010101000
1010101000
1010101000
1101101000
1101101000
1110101000
1000101000
1010101100
1010100000
1011101000
0010101000
1010001000
1010111000
1101101000
1010101000
10 10 9
010001100
010001100
010001100
010001100
010001100
010001100
010001100
010001100
010001100
010001100
010001101
110001100
010001100
010000100
010001000
010011100
011001100
010001110
010101100
000001100
10 10 7
1100000
1100001
1011010
0010000
0011011
0011001
0100111
1011000
1100011
1010111
1011010
0010000
1100001
0011011
1100000
1011000
0011001
0100111
1010111
1100011
10 10 9
011111001
101111010
001110111
011111011
010000001
111001000
011110100
101000100
110111101
001001100
101000100
011110100
111001000
001110111
001001100
101111010
010000001
011111011
110111101
011111001
10 10 10
0100111001
0110111001
0110111001
0110111001
0110111001
0110110101
0110101001
0110110101
1100111001
0110101001
0001001010
0001011110
0011110101
1001010000
1110010110
1010100110
0100001111
0010110010
1000100111
0100001001
10 10 4
0101
1001
0101
1000
1001
0101
0101
0101
1001
1000
1011
0000
1001
1100
1000
0100
0111
0101
1101
0001
1 10 10
0000100100
0110010011
1111000110
1101110001
1000000100
1001010000
0100101101
1100111101
1000101010
0011111000
0000100100
10 10 10
0010011000
0011001111
0111010110
0001010011
0010011110
1111100101
0111101001
1011100001
0101111011
1000000000
0111101001
0010011000
0101111011
1011100001
0011001111
0001010011
1111100101
1000000000
0111010110
0010011110
10 10 9
001110001
000110001
010110001
000110001
001100001
001110001
001110001
101110001
001100001
000110001
001010001
000110001
001110011
001111001
001110101
010110001
101110001
001110001
001100001
011110001
10 10 8
10010010
11010010
00100001
00000001
00010001
10000001
10000001
01010010
00000001
00001001
10000001
00001001
10110010
00010010
00100001
01010010
00000001
00010001
11010010
10010010
10 10 4
1111
0111
1101
1101
0011
0111
0111
0011
0010
1111
1001
1111
1110
0111
0110
0011
0010
1011
0101
1101
10 10 7
0110001
0100011
0111010
0000100
0010101
1010111
1010000
0010111
0101110
0000001
1001001
1011010
1101001
1101011
0000100
1000010
0101000
0001110
0001111
0101100
10 1 1
1
0
0
1
0
0
0
0
1
1
1
10 10 7
1110001
0011010
0010110
1001000
0011001
1100001
1010110
1011100
1101010
1110100
0010110
1011100
1010110
1101010
1001000
1110001
0011001
1110100
1100001
0011010
10 10 10
1000110010
1000011001
1000110010
1000011001
1011111101
1000011001
0000110010
1000110010
1000011001
1000110010
1011111101
1000111010
1000100010
0000110010
1100110010
1000110010
1000010010
1000011001
1001110010
1010110010
10 10 6
111101
001011
001001
001011
001010
011010
010010
010010
011110
001100
001011
011110
001001
111101
001100
011010
010010
101101
011101
001010
10 10 7
1101100
1100101
0100100
1100100
1100110
1101101
1000100
1101000
1101101
1110100
0101100
0100100
1101100
1110100
1100100
1000100
1101101
1101000
1100101
1100110
10 10 9
111101100
111001001
100011110
110001000
001011110
101011111
010010101
011111000
011010101
101100011
011111000
001011110
100011110
110001000
111001001
111101100
010010101
101011111
101100011
011010101
10 10 4
0011
0011
0011
0011
0011
0011
0011
0011
0011
0011
1011
0111
0010
0011
1001
0101
1010
0110
1111
0001
10 10 6
111101
111000
001010
000111
011010
100110
010001
011101
101100
100110
011010
100110
101101
001010
111101
111000
010001
000111
011101
101100
10 10 7
1011101
0111011
0100110
0111110
1111000
1001101
1001111
1111111
1101111
0100011
1111111
0111110
1111000
0100110
0100011
1011101
1001101
1001111
1101111
0111011
1 10 10
1010101000
1001010000
0000000011
0000101101
0001001000
1010111011
1010101000
0001100100
0100101101
1111110000
0111000010
10 10 6
110111
111111
111111
110110
110011
111110
110010
101111
110110
101110
110110
110010
110111
101111
111110
111111
101110
010111
100111
110011
10 10 6
000010
110111
000111
000011
000011
100011
000111
010011
100111
010111
000111
010111
100010
010010
100011
000010
010011
100111
110111
000011
7 7 4
1101
1100
0111
0111
0111
0101
0000
1110
0111
1101
0001
0110
0011
0000
10 7 3
110
101
000
101
100
100
010
101
101
001
111
100
000
001
010
110
101
10 10 8
10000001
01011001
11001110
10010111
11000010
00010011
01010111
01110111
10111010
00001011
11001110
01110111
11000010
01011001
10111010
01010111
10010111
00010011
00001011
10000001
1 10 10
0100011101
1100000111
1110000011
1100101001
0011111101
1100111010
1101001111
1001110110
0101000001
1001000010
1000110000
10 10 6
101010
101011
011011
011011
101011
010111
011011
001011
010011
011001
001010
001011
100010
111010
010011
011011
101011
010111
011001
101010
10 10 10
0011110101
0110110000
0111100100
0000110010
1011101111
0001101011
0010111110
0010001011
1001110010
1100000111
1110110110
1011110111
1010010111
1000111010
0010100110
1111111001
1111001100
1000101001
0010110001
0000000000
10 10 9
101000110
111111100
000000011
010110010
100100011
010100101
110001001
100111100
010000110
101111111
101000110
100100011
101111111
010100101
010000110
100111100
110001001
010110010
000000011
111111100
10 10 9
111001000
111001000
111001000
111001000
111001000
111001000
111001000
111001000
111000000
111001000
111000000
111001000
101001000
111001010
111001001
111001100
110001000
111101000
011001000
111011000
10 10 9
110111100
110111100
110111100
110111100
110111100
110101100
110111100
110110100
010111100
110111100
110011100
110101100
110111101
100111100
111111100
110111000
110111110
110110100
010111100
110111100
10 10 9
001011111
001111101
110110100
110010100
100111100
000111101
100111101
110110100
001111111
100111101
101011111
001111111
001011111
110010100
001111101
100111100
011011111
100111101
000111101
110110100
10 10 4
1000
1000
0111
1001
1111
0001
1001
1000
1010
0101
1010
0000
1100
0001
1111
1000
0011
0101
1001
0111
10 10 4
0110
1001
1100
0110
1001
1001
0110
0110
0110
1001
1011
1110
1001
1100
0111
0110
0100
1101
0001
0010
1 10 10
1110001010
1010100111
0110010101
1100101001
1111111111
1010011010
0110110101
0000010010
0101111100
1011111100
0111100010
4 10 8
01101010
01100101
10111000
10010010
00100010
11000100
00011001
10010111
00000011
00000111
01110001
01110110
10111000
00000101
1 1 4
0000
0000
10 10 4
0001
1111
1111
1111
0001
1111
1111
1111
1111
1111
1111
0101
1011
0011
1001
0000
0111
1110
0001
1101
1 10 10
1101101100
0101001110
0001100000
0101100111
0000011001
1111011111
1001100101
0101111011
0010011000
1101101100
1100111001
10 10 5
10110
11011
10101
00101
00111
00101
11001
01010
00000
00010
01010
00110
00000
00101
11011
00111
10101
10110
11001
00010
9 4 8
00101001
00010010
01001110
10110111
11100010
01101100
01011100
11010101
01011111
11000111
11001011
01100001
10110110
10 10 9
000000001
001111011
000000111
110011000
100100111
101111100
111011111
000100000
010001101
100110001
110011000
000000001
100110001
100100111
101111100
111011111
010001101
000100000
001111011
000000111
10 10 10
0000001010
0111111101
0101000000
1100111101
0100000110
0111001001
1110111001
0111000001
1111011110
0011101000
1110111001
0111111101
0101000000
0111000001
0000001010
1111011110
1100111101
0011101000
0100000110
0111001001
10 10 9
110111010
101101001
110101111
111010011
000100001
011110010
000110100
100001000
001010010
000001111
101101001
100001000
111010011
000001111
000100001
001010010
110101111
110111010
011110010
000110100
10 10 5
11001
11101
01000
11100
01010
00000
11010
11100
10010
11001
01001
10010
00000
10001
11010
01000
11101
11001
01010
11100
5 10 4
1010
0001
1011
0001
1001
1011
0111
1111
0011
0001
1001
1101
0000
1010
1110
10 10 10
1101100110
0111010000
0001110011
0010011000
0000000110
0111110001
1101101000
1011110101
0010000110
0111100101
0111010000
0010011000
1101101000
1011110101
0010000110
1101100110
0001110011
0111100101
0000000110
0111110001
10 10 6
000111
101000
000111
000111
000001
001011
001111
011000
001000
010111
101000
010111
001111
001000
000001
100111
011000
001011
000011
000111
10 10 4
1001
0111
1111
1110
1110
1000
1110
0011
1101
1111
1111
0101
0111
1110
1000
1011
0001
1101
0011
1001
10 10 8
00111111
11100110
11000110
11111001
11101000
00000000
11111110
11001111
11111001
01110010
11000110
11111110
10111111
11001111
00000000
00111111
11111001
11101000
01110010
11100110
10 10 4
0010
0000
1111
1000
1101
0100
0001
1010
1000
1000
1010
0010
0110
0000
1000
1101
1111
0100
0011
0001
10 6 10
1111110011
1010101001
1001100000
1110010011
0000110001
1100101101
0110101111
0110101011
0111101101
0010001101
1110001011
0111010001
1100111110
0111000110
0000010010
1111011100
10 10 8
00101101
10100111
11101010
01100010
00110000
11101001
10111110
10111000
00001000
10111001
10100111
00110000
10111000
11101001
11101010
00101101
00001000
10111001
01100010
10111110
10 10 7
0010110
1101100
1111011
0001011
1100001
0010101
0111110
1001101
0100110
0001001
0111110
1001101
1100001
1111011
0100110
0010110
0001011
0010101
1101100
0001001
10 10 4
1100
0100
0110
0010
0011
0110
0110
0011
0100
1010
0110
1110
0011
0010
0000
0100
1101
1000
1010
1100
1 1 10
1111111111
1111111111
10 10 4
0001
0001
0001
0001
0001
1001
1111
0001
0001
1001
1001
0011
0101
1101
1011
1111
0001
1000
0000
0111
10 10 7
0010100
0111101
0011101
1011001
1011101
0011101
0011001
0111100
0010110
0011111
1010100
0111100
0011101
0011001
0010110
1011001
0011111
1011101
0111101
0010100
10 5 10
1111011101
0000010110
0010101011
0001101100
0010111101
1100111110
0100100100
0011101101
0010110110
1010010010
1001001001
1010100100
1100110101
1010111000
1010111010
10 7 3
010
111
111
001
100
110
101
001
110
101
010
000
001
111
110
101
100
