10
16807 2475249 2650073 4943658 4108930 211272 1027544 7850878 
8777923 7237709 3564440 5438165 4484492 4243042 4807987 7522503 
1282327 6531729 3378840 3542612 6544303 4833169 4817709 8097157 
7129560 1570933 7493099 4280278 3351816 5795335 4899097 6807826 
3613512 1929267 723810 4877633 8580979 4379149 8236579 4558821 
511967 10672 1901393 7819336 9125485 6091745 6425228 9894091 
5640194 7186357 6035001 5921153 616708 357944 1515668 7571490 
4788124 7702196 2509530 60903 2727722 3454666 8728549 5118024 
8797801 806853 1540977 4847408 5308228 8374933 5260298 4938981 
5028635 2408013 7623865 7389814 739063 7554536 5339425 4001669 
7724115 9220094 4075629 8446501 4546517 1934195 1030105 7810404 
6319451 8194298 782188 7821123 3799505 2246882 9406752 6731566 
4936716 7130337 8354438 2053144 3851501 4844897 6783871 2955828 
111137 7619358 3153177 982397 7722294 477904 1621609 6946231 
959745 2844175 1853635 8266298 3098142 6880399 4827968 90412 
5400260 9673557 6441594 9688008 7716395 4325968 4119113 5204530 
8471006 1910962 4797942 285365 2842082 3179852 8530767 2633821 
3185695 6824712 973671 5859901 7248590 1724831 4314738 8153057 
1631616 7819790 4555640 3110679 1437335 9077006 6497972 3936098 
649095 8975319 5583454 1345223 2112289 8556760 4948905 4586126 
