6
10 1 6 19 4 3 8 17 12 5 13 9 11 2 14 21 7 20 16 15 18
11 4 12 7 15 5 9 18 16 6 1 10 20 13 17 8 14 3 19 21 2
16 5 18 9 11 8 4 21 19 7 6 13 1 10 15 12 2 14 17 3 20
19 7 16 11 12 15 17 2 18 4 8 5 21 6 20 1 13 9 14 10 3
17 16 14 12 19 18 10 7 13 9 21 20 3 11 2 6 8 4 1 5 15
18 11 15 17 16 12 13 8 3 10 19 14 7 4 21 2 6 5 20 1 9
2
1 2 3 4 5 6 7 8 9 10 12 13 14 15 16 17 18 80 11 19 20 21 49 22 23 24 25 26 27 28 29 30 31 32 33 34 35 36 37 38 39 40 41 42 43 44 45 46 47 48 50 51 52 53 54 55 56 57 58 59 60 61 62 63 64 65 66 67 68 69 70 71 72 73 74 75 76 77 78 79
2 1 4 3 6 5 8 7 10 9 80 12 13 14 15 16 17 18 49 20 19 22 11 21 24 23 26 25 28 27 30 29 32 31 34 33 36 35 38 37 40 39 42 41 44 43 46 45 48 47 51 50 53 52 55 54 57 56 59 58 61 60 63 62 65 64 67 66 69 68 71 70 73 72 75 74 77 76 79 78
6
3 1 2 4 5 13 6 7 8 9 11 10 12 14 15 16
5 3 4 16 6 1 2 8 7 10 9 12 13 15 11 14
6 4 10 2 3 14 1 5 9 11 7 8 15 12 16 13
7 5 11 6 2 3 4 1 10 8 14 9 16 13 12 15
10 6 15 7 4 2 5 11 3 13 8 1 9 16 14 12
15 16 6 5 7 4 3 9 11 12 13 14 10 8 2 1
1
1 3 2 65 4 66 7 10 67 11 12 21 9 13 5 19 15 16 25 6 23 27 24 17 26 18 29 30 20 28 36 68 37 38 39 22 8 32 43 33 34 42 49 53 40 55 44 56 57 35 41 61 45 60 50 31 63 14 51 52 54 47 48 46 58 62 59 64
10
1 2 25 79 11 20 9 28 16 8 15 6 14 10 3 17 23 12 75 52 26 27 13 21 18 22 5 33 74 7 39 19 32 41 31 72 34 51 42 44 38 40 68 43 48 45 36 47 29 56 57 46 59 35 50 54 58 66 4 55 61 53 69 49 62 63 80 76 60 71 30 64 70 65 67 78 77 73 24 37
6 78 29 5 76 65 11 36 18 2 67 66 22 16 14 23 15 77 37 79 20 25 24 10 26 32 33 27 30 35 7 41 51 8 45 19 44 55 21 28 52 31 38 56 50 39 49 57 53 34 40 71 60 3 43 48 80 74 42 61 64 72 13 46 1 69 9 59 54 73 4 58 75 12 63 17 62 47 70 68
14 4 30 7 12 1 27 39 64 25 76 9 23 22 32 70 24 11 66 3 33 15 6 2 61 55 41 42 47 38 21 36 13 46 74 8 5 18 57 19 60 71 16 78 10 48 67 45 31 63 44 80 40 53 65 35 75 17 29 43 79 50 20 51 34 72 69 62 52 59 54 68 26 49 73 56 28 37 58 77
34 7 60 73 79 28 40 47 62 1 50 12 45 33 48 26 29 13 43 70 72 74 44 80 9 2 6 15 11 52 23 68 54 27 37 16 19 56 18 42 63 25 24 55 30 41 76 61 35 38 66 22 71 5 10 57 3 31 59 67 20 51 53 58 4 78 8 39 64 77 36 65 32 75 69 21 49 17 14 46
42 12 47 4 21 32 44 60 78 14 17 19 73 48 49 43 39 18 46 8 40 33 62 3 25 34 26 22 51 53 66 50 56 65 6 59 27 61 80 11 15 76 77 28 63 68 37 64 16 70 23 13 75 41 2 45 57 36 31 38 35 10 55 54 29 71 20 69 74 79 9 72 52 24 1 58 67 7 30 5
47 15 56 49 35 45 46 61 20 62 22 30 1 53 50 32 40 14 69 12 58 17 48 59 33 74 43 41 80 68 2 52 7 9 54 24 65 70 66 4 72 11 21 27 18 73 78 75 38 64 28 44 63 34 16 5 25 8 23 57 19 77 26 76 51 3 37 79 71 39 31 29 6 55 42 36 60 67 13 10
72 21 36 29 46 57 45 4 48 68 20 33 69 1 58 49 59 54 47 16 14 32 60 66 56 78 55 70 61 73 9 63 67 64 13 38 77 74 39 53 65 7 26 24 76 2 79 18 75 19 71 12 28 27 37 62 10 41 17 40 23 15 50 25 42 35 6 31 43 11 44 8 22 52 5 3 80 51 34 30
70 51 41 62 29 58 66 65 73 46 32 64 68 4 57 60 77 30 67 63 74 47 69 6 52 56 78 44 1 59 50 61 2 17 49 45 24 71 79 9 3 21 12 7 15 19 25 76 14 11 72 38 80 37 18 22 16 28 54 75 48 40 27 33 13 20 42 23 10 34 35 43 8 26 31 53 36 55 5 39
69 59 51 64 73 72 68 71 63 79 49 34 65 56 66 80 1 37 77 74 42 36 67 29 41 60 76 53 54 12 58 57 23 70 62 46 78 19 30 47 75 20 6 61 7 9 26 3 33 39 2 11 13 4 28 14 15 18 38 8 45 25 22 40 16 17 24 32 21 50 43 48 27 10 35 5 55 31 52 44
54 31 49 69 70 63 79 66 53 29 39 42 51 72 78 74 46 60 80 64 56 59 4 77 34 58 20 61 67 1 62 65 68 57 23 55 8 75 47 13 73 3 9 17 71 12 7 50 45 24 76 6 21 14 40 26 35 43 25 10 38 32 48 2 36 33 5 19 18 30 37 16 11 41 27 15 52 44 22 28
10
6 3 5 4 2 7 1 8 10 9 11 12 13 15 14 17 16 18
9 10 8 3 4 5 2 1 11 7 6 13 12 17 15 14 18 16
10 11 12 6 5 16 18 2 1 13 7 8 14 9 17 15 4 3
11 12 10 8 9 4 3 5 16 1 2 15 7 13 18 6 14 17
12 13 11 9 16 6 4 10 2 3 1 7 15 5 8 18 17 14
13 14 15 10 8 18 7 6 17 12 3 11 16 2 9 4 5 1
18 17 13 16 10 8 9 11 12 2 5 14 3 7 6 1 15 4
14 15 16 17 18 9 10 12 4 5 8 1 11 3 13 7 6 2
15 16 14 18 17 10 8 9 13 11 12 6 1 4 3 2 7 5
16 18 17 15 11 12 14 13 5 10 9 4 8 1 7 3 2 6
17
5 1 2 13 15 3 4 16 20 8 21 9 23 26 6 11 18 12 27 24 7 30 28 19 34 25 31 39 40 43 46 32 47 10 55 44 14 17 33 22 58 35 29 62 42 45 48 36 49 50 63 37 54 66 67 68 38 51 52 41 57 53 61 59 60 65 56 64
15 8 3 20 60 64 6 18 65 68 23 11 21 27 4 9 16 24 26 12 10 34 31 25 30 19 28 40 39 44 47 33 46 7 58 43 17 14 32 29 55 42 22 63 35 54 49 37 48 51 62 36 45 67 66 1 41 50 59 38 61 56 57 52 5 13 53 2
16 9 4 21 5 2 3 15 13 1 20 8 26 23 7 12 19 11 28 30 6 24 27 18 46 39 32 25 43 40 34 31 55 14 47 48 10 22 35 17 62 33 36 58 45 42 44 29 50 49 66 38 57 63 68 67 37 52 51 53 54 41 65 60 59 61 64 56
18 11 6 23 16 4 2 5 21 9 13 1 65 28 64 68 60 30 31 34 14 12 26 39 24 40 27 19 25 48 55 35 58 17 46 49 7 10 42 36 47 32 37 66 33 57 43 22 44 52 67 29 61 62 63 8 53 59 50 56 45 38 54 51 15 20 41 3
19 12 7 26 18 6 10 25 23 11 27 24 61 20 56 67 59 8 21 9 3 46 32 15 47 16 33 43 44 39 30 28 34 4 62 40 22 29 31 14 63 45 17 55 54 35 50 38 51 48 58 41 42 68 1 66 36 49 60 37 65 64 13 5 52 57 2 53
25 24 10 27 19 7 14 39 26 12 28 30 57 21 53 66 52 9 61 67 4 11 23 16 55 59 35 18 48 49 58 42 62 56 34 50 6 36 45 37 46 31 38 47 32 33 40 17 43 44 68 22 65 1 8 63 29 60 5 64 13 2 20 15 51 54 3 41
39 30 14 28 25 10 7 19 27 24 26 12 13 31 2 1 5 34 20 8 17 68 65 40 11 15 23 60 18 50 62 45 63 3 66 51 64 6 54 38 67 57 41 46 61 32 52 53 59 43 47 56 33 55 58 9 22 44 48 29 35 36 42 49 16 21 37 4
40 34 17 31 39 14 22 43 28 30 32 46 20 13 3 8 15 1 23 11 2 9 21 5 12 18 26 16 19 25 24 27 66 6 63 52 4 7 57 10 68 54 53 67 65 61 51 41 60 59 55 64 35 47 62 58 56 48 44 36 33 29 45 50 49 42 38 37
43 46 22 32 40 17 29 44 31 34 33 47 27 35 10 24 25 55 54 63 36 8 20 48 67 51 61 15 59 18 11 23 12 41 30 19 3 56 26 6 66 28 7 68 57 65 39 14 52 60 1 53 13 58 9 62 64 5 49 2 42 37 21 16 50 45 4 38
44 47 29 33 43 22 17 40 32 46 31 34 28 42 14 30 39 58 45 62 37 55 35 49 63 50 54 48 51 52 66 57 67 38 68 59 36 41 61 53 24 65 56 1 27 13 60 64 25 5 8 10 20 9 11 12 2 15 16 3 21 4 23 18 19 26 6 7
48 55 36 35 44 29 37 49 33 47 42 58 31 32 17 34 40 46 13 1 22 62 45 43 66 5 57 50 52 51 63 54 68 2 67 60 38 53 65 41 30 61 64 24 28 27 59 56 39 25 9 14 21 8 12 11 10 16 15 4 20 3 26 19 18 23 7 6
49 58 37 42 48 36 38 50 35 55 45 62 54 61 41 63 51 67 57 66 56 1 13 59 68 52 65 5 60 16 9 21 11 53 12 18 2 64 23 4 34 26 6 8 31 20 19 7 40 15 24 17 27 46 47 30 3 25 43 10 32 22 33 44 39 28 29 14
50 62 38 45 59 56 53 52 61 67 57 66 42 33 37 58 49 47 65 68 29 63 54 44 1 60 13 51 5 15 8 20 9 64 11 16 41 2 21 3 12 23 4 30 26 28 18 6 19 39 34 7 31 24 55 46 14 40 25 17 27 10 35 48 43 32 36 22
51 63 41 54 49 37 56 59 42 58 61 67 32 45 22 46 43 62 33 47 38 66 57 50 8 44 20 52 15 60 68 65 1 29 9 5 53 3 13 64 11 21 2 12 23 26 16 4 18 19 30 6 28 34 24 55 7 39 40 14 31 17 27 25 48 35 10 36
52 66 53 57 50 38 64 60 45 62 65 68 35 54 36 55 48 63 32 46 41 58 42 51 9 43 21 49 16 59 67 61 8 22 24 15 37 4 20 56 1 27 3 11 13 23 25 10 5 18 12 2 26 30 34 47 6 19 39 7 28 14 31 40 44 33 17 29
60 68 64 65 51 41 36 48 54 63 35 55 33 57 29 47 44 66 42 58 53 67 61 52 62 49 45 59 50 5 1 13 30 37 8 39 56 38 28 2 9 20 14 34 21 31 15 3 16 40 11 4 23 12 46 24 17 18 19 6 26 7 32 43 25 27 22 10
59 67 56 61 52 53 41 51 57 66 54 63 45 65 38 62 50 68 35 55 64 47 33 60 58 48 42 44 49 19 12 26 24 36 1 25 29 37 27 7 8 13 10 9 20 21 5 2 15 16 46 3 32 11 30 34 4 43 18 22 23 6 28 39 40 31 14 17
1
2 5 4 3 1
2
7 50 8 29 27 17 10 68 30 31 6 67 42 22 32 23 1 20 2 71 33 13 80 77 36 24 49 21 28 44 26 3 19 4 16 11 38 12 25 5 65 73 9 72 58 15 66 40 62 59 35 39 57 14 55 79 60 41 78 18 54 53 51 45 43 70 34 61 76 75 48 56 63 47 46 64 69 37 52 74
32 59 76 56 57 28 64 77 31 30 48 68 80 33 7 24 50 60 8 78 22 14 42 67 20 23 54 46 17 73 69 10 29 9 25 41 62 63 16 39 38 75 4 71 27 26 79 43 65 1 52 5 58 45 36 66 55 11 72 37 49 74 61 70 40 13 35 51 2 44 6 19 12 21 47 3 15 18 34 53
16
2 1 3 4 5 6 7 8 10 9 11 12 13 14 15 16 17 18 19
3 2 1 6 7 4 5 9 8 12 10 11 15 13 14 17 19 16 18
4 3 19 7 18 5 6 10 11 8 9 13 16 12 17 14 1 15 2
6 4 2 19 1 7 8 5 12 13 14 9 10 15 11 18 3 17 16
7 5 6 18 9 19 3 4 13 14 8 10 11 16 12 15 2 1 17
8 6 7 2 10 1 9 19 4 5 12 14 17 18 16 11 13 3 15
10 7 8 3 15 9 16 11 5 4 13 17 6 19 18 12 14 2 1
11 8 9 12 16 10 15 3 6 7 17 18 19 1 2 13 4 14 5
12 9 18 8 2 13 17 14 3 15 16 5 7 10 19 1 6 4 11
13 10 11 15 17 2 1 12 14 16 18 19 5 8 3 4 7 6 9
14 11 12 17 19 16 10 15 2 18 4 7 1 5 6 3 8 9 13
15 12 13 9 6 17 18 1 16 19 3 4 2 7 5 10 11 8 14
16 13 14 11 12 18 19 17 15 3 2 1 8 6 7 9 10 5 4
17 19 16 13 11 15 14 2 18 1 5 3 4 9 8 7 12 10 6
18 15 17 14 13 8 12 16 19 6 1 2 3 4 10 5 9 11 7
19 17 15 16 14 11 13 18 1 2 7 8 9 3 4 6 5 12 10
18
16 4 20 6 3 15 13 5 1 8 22 18 10 19 11 2 12 7 21 25 14 17 23 26 9 24 29 42 40 28 41 27 31 33 49 35 43 30 44 50 47 32 52 36 54 48 34 37 55 38 57 39 51 53 45 46 67 73 59 62 56 61 64 75 63 76 79 65 69 66 71 58 60 72 74 77 70 68 80 78
20 6 16 4 11 22 18 10 3 77 15 13 27 21 1 7 14 78 19 8 12 28 42 25 24 9 45 23 29 17 40 26 33 31 55 43 35 32 50 44 48 30 54 37 52 47 36 34 41 39 59 51 38 56 46 49 70 76 57 64 53 63 62 79 61 73 75 66 71 65 69 60 58 74 72 5 67 80 68 2
22 13 24 18 12 16 75 25 11 5 20 79 31 23 3 9 80 2 42 10 17 14 19 77 76 15 46 21 41 30 29 33 26 27 40 47 48 28 52 54 35 34 44 32 50 43 37 36 65 51 62 58 39 61 49 45 55 78 64 57 63 53 59 4 56 7 6 67 72 70 74 38 68 69 71 8 66 60 1 73
24 18 22 13 14 20 79 27 12 10 29 75 74 42 17 40 1 9 23 26 80 30 21 8 2 7 15 19 45 11 16 25 35 43 65 31 33 34 54 52 53 28 50 38 44 56 32 39 67 37 64 36 58 47 41 55 46 49 62 59 48 69 57 6 71 78 4 70 61 73 63 68 51 77 5 72 76 3 60 66
29 19 40 21 17 24 4 31 28 33 41 6 5 13 12 20 68 16 18 27 1 32 44 10 78 2 9 50 15 14 22 8 77 26 66 48 47 11 23 42 43 36 57 30 59 35 38 51 70 34 52 37 60 63 76 65 45 46 54 75 61 56 79 62 53 49 64 55 74 67 72 39 80 71 69 25 73 58 3 7
40 21 29 19 28 41 6 33 17 31 24 4 35 18 14 22 3 20 13 43 60 1 50 72 7 45 2 44 9 12 15 10 8 25 16 26 27 36 42 23 56 37 59 39 57 53 30 32 73 58 54 34 68 48 66 67 49 55 52 79 47 71 75 64 69 46 62 76 63 78 61 80 38 5 77 74 65 51 11 70
41 23 45 42 30 29 19 35 32 43 40 21 33 4 28 24 11 22 6 31 3 12 75 5 15 20 76 79 2 80 9 47 74 77 67 25 26 14 57 59 27 17 62 51 64 63 39 38 16 60 44 68 34 69 70 66 73 7 50 52 71 48 54 13 72 55 18 46 53 49 56 36 37 61 8 10 78 1 58 65
45 42 41 23 32 46 21 43 30 35 49 19 47 6 34 29 17 24 4 33 11 3 79 74 16 22 66 75 20 1 65 5 10 8 70 53 25 12 59 57 26 80 64 28 62 31 51 58 76 68 50 60 36 71 78 2 7 9 44 54 69 72 52 18 48 15 13 73 56 55 77 37 39 63 61 27 40 38 14 67
46 44 49 50 34 45 23 47 36 48 55 42 43 52 30 41 28 29 54 35 37 38 62 27 65 70 67 64 22 3 66 53 69 10 73 71 31 51 13 18 25 58 19 68 21 26 14 60 15 17 75 32 80 33 16 24 2 20 79 4 72 74 6 57 77 9 59 78 5 76 8 1 11 56 63 61 7 12 39 40
49 50 78 44 36 55 42 48 34 47 73 23 53 54 32 65 37 66 52 56 28 39 64 31 20 29 70 62 24 38 67 35 71 61 9 72 69 58 18 13 33 60 21 80 19 25 17 68 22 14 79 30 1 26 15 16 40 41 75 6 27 43 4 59 74 2 57 7 77 45 5 3 12 8 10 63 46 11 51 76
55 52 46 54 37 49 44 53 38 56 70 50 48 57 36 66 32 65 59 47 51 34 4 33 22 40 73 6 67 39 76 43 61 35 15 63 71 60 62 64 31 3 75 58 79 27 68 12 78 80 23 14 17 72 20 29 16 24 42 13 74 77 18 19 5 41 21 2 8 7 10 11 1 25 26 69 9 28 30 45
65 54 55 52 38 66 50 56 37 72 78 44 61 59 39 76 34 73 57 48 68 36 6 35 29 67 7 4 70 51 2 63 5 47 20 8 77 1 64 62 69 11 79 60 75 33 58 80 9 12 42 17 3 74 22 15 24 16 23 18 26 31 13 21 43 40 19 41 27 46 25 14 28 10 53 71 45 30 32 49
66 57 65 59 39 67 52 61 51 74 45 54 56 62 37 70 60 49 64 63 30 58 13 71 55 73 78 18 7 32 20 48 25 5 76 10 8 68 75 79 72 1 4 11 6 69 28 14 24 3 19 80 12 27 9 22 15 29 21 44 77 26 50 23 33 16 42 40 47 2 35 17 34 31 43 53 41 36 38 46
67 59 66 57 51 65 54 69 39 53 46 52 77 64 80 78 36 55 62 61 34 68 18 43 70 76 16 13 73 58 7 72 63 71 2 5 10 3 79 75 8 38 6 1 4 74 60 28 20 30 21 11 14 25 24 9 22 15 19 50 31 35 44 42 26 29 23 45 33 40 48 32 17 27 56 47 49 37 12 41
70 62 67 64 58 73 57 71 60 61 76 59 63 75 38 45 39 46 79 72 36 37 52 47 66 78 65 54 49 68 24 56 27 69 7 74 5 17 4 6 10 51 23 3 42 77 80 11 2 28 13 1 30 31 29 40 41 22 18 19 25 8 21 44 35 20 50 15 48 16 53 12 14 43 33 26 55 32 34 9
73 64 70 62 60 76 59 74 58 71 65 57 69 79 68 46 51 45 75 77 39 80 54 48 67 66 20 52 78 34 49 61 43 72 22 27 63 38 6 4 5 12 42 14 23 8 1 3 29 11 18 28 32 35 2 7 9 40 13 21 33 47 19 50 10 24 44 16 26 41 31 30 36 53 25 56 15 17 37 55
78 75 76 79 68 70 62 72 80 63 66 64 71 44 51 55 38 67 50 74 58 60 57 69 73 41 22 59 65 37 46 77 47 48 24 56 53 39 19 21 61 14 13 17 18 5 3 1 7 32 4 12 11 43 40 20 29 2 6 23 35 25 42 52 8 45 54 49 10 9 26 28 30 33 27 31 16 34 36 15
76 79 73 75 80 78 64 77 68 69 67 62 72 50 60 49 58 70 44 71 38 51 59 61 46 65 24 57 66 36 55 74 48 53 29 33 56 37 21 19 63 39 18 12 13 10 11 30 40 1 6 3 28 8 7 41 20 45 4 42 43 5 23 54 47 22 52 9 25 15 27 34 32 26 31 35 2 14 17 16
1
2 10 7 12 11 5 6 9 1 4 13 3 8
3
3 10 5 4 6 9 2 7 8 1
8 1 3 5 4 10 7 6 9 2
5 3 10 1 8 6 9 2 7 4
10
35 80 10 11 4 9 33 13 2 21 25 8 73 16 7 78 69 32 17 20 30 14 26 40 19 15 43 47 12 45 36 27 18 75 42 22 31 24 41 39 34 49 38 50 44 65 56 51 68 52 46 28 48 53 54 6 59 71 37 64 1 58 70 57 76 62 72 79 74 60 29 3 63 55 23 67 61 5 77 66
60 1 12 69 20 19 35 14 9 10 2 23 3 8 25 37 6 33 7 44 32 11 42 4 36 18 21 72 31 54 15 26 27 29 16 46 48 50 40 51 43 13 77 47 78 52 17 30 41 59 80 64 53 28 45 56 34 73 61 65 39 66 76 68 22 75 71 5 24 62 79 57 49 63 55 58 70 67 38 74
5 11 16 22 76 21 40 46 17 29 75 20 12 13 60 23 14 59 24 45 70 15 69 64 32 30 26 7 8 4 50 49 25 47 43 18 55 56 42 77 19 31 67 52 38 35 80 54 73 71 2 33 1 58 74 10 61 51 62 72 68 79 9 44 48 66 3 28 6 65 53 41 57 34 37 63 78 39 36 27
9 20 41 44 1 79 5 59 32 30 10 26 34 17 75 39 67 66 21 47 35 40 14 6 38 23 51 19 42 55 54 4 7 58 62 8 74 15 50 22 52 56 78 29 76 11 61 60 24 73 12 31 49 45 3 36 70 43 63 80 46 18 2 65 13 77 27 33 28 69 16 48 53 57 68 64 25 72 37 71
58 31 44 78 5 24 41 27 33 40 62 36 30 22 10 61 12 2 28 70 34 48 80 17 57 66 69 49 56 32 63 64 15 54 55 20 3 18 73 59 65 1 79 21 60 37 14 75 16 8 29 74 38 77 42 46 45 47 67 13 52 26 11 35 4 25 6 39 71 72 51 43 68 9 7 76 23 53 19 50
78 37 55 48 32 41 58 80 62 43 9 24 42 26 30 47 16 34 53 51 73 5 46 10 60 44 2 70 40 69 17 7 77 59 6 64 11 3 54 20 63 57 1 67 72 61 79 65 56 13 4 12 18 74 27 14 33 75 66 22 31 25 52 76 49 45 23 50 21 39 35 15 36 8 38 28 68 19 71 29
11 39 58 45 35 68 61 28 55 53 73 72 54 74 33 60 18 40 32 57 37 50 5 42 62 41 10 80 48 70 64 14 23 63 78 2 26 71 65 67 79 59 4 7 6 51 1 66 29 3 8 46 47 52 15 38 49 16 69 34 22 30 24 31 20 19 12 27 25 77 36 76 17 43 21 75 9 13 44 56
13 45 61 52 40 37 65 47 41 54 35 43 55 76 56 69 75 53 73 63 38 58 64 57 67 70 44 77 72 33 71 60 62 80 9 31 2 12 66 49 78 74 24 32 51 68 7 79 30 20 17 59 8 50 10 18 19 23 27 3 6 29 5 34 15 14 26 4 48 16 1 46 39 11 25 42 36 28 22 21
45 53 64 57 59 49 80 40 37 55 76 67 68 42 47 72 21 63 62 54 43 74 50 65 61 73 71 79 9 60 5 77 46 78 25 15 44 22 2 36 75 24 13 69 70 66 29 7 38 35 27 41 11 17 33 23 52 19 18 4 16 14 20 10 6 32 31 12 1 28 34 58 48 51 26 30 3 8 56 39
63 50 66 73 57 51 62 67 75 60 74 37 76 24 69 54 28 64 78 65 48 55 56 45 70 9 68 71 41 58 80 53 26 61 44 21 33 49 25 27 32 23 14 72 18 77 39 5 43 42 40 7 12 59 17 8 15 1 79 11 36 38 31 19 34 47 30 20 46 29 6 10 4 3 22 2 35 52 13 16
16
2 1 3 4 5 6 7 8 9 10 11 12 14 13 15 17 16 18
3 2 18 5 4 7 6 9 8 11 12 10 15 16 13 14 17 1
4 3 16 2 6 5 8 7 10 9 13 11 12 15 14 18 1 17
6 4 17 7 2 3 5 10 11 8 9 13 16 12 1 15 18 14
7 5 15 6 18 4 17 11 12 13 14 8 9 10 16 1 2 3
8 7 1 9 3 10 16 4 18 6 15 14 17 11 12 2 13 5
9 10 2 14 7 8 11 16 17 5 6 15 18 1 3 12 4 13
10 9 4 13 8 11 14 15 16 12 7 17 1 18 2 3 5 6
11 12 5 1 10 9 15 17 13 14 16 18 7 8 4 6 3 2
12 11 6 18 1 13 2 3 14 15 17 16 10 9 5 4 7 8
13 14 7 17 11 12 1 2 15 16 18 5 6 3 9 10 8 4
14 13 8 15 17 16 18 1 2 3 4 6 5 7 11 9 12 10
15 16 9 8 13 18 10 14 1 17 3 4 2 5 7 11 6 12
16 15 11 10 14 17 13 12 3 18 2 1 4 6 8 5 9 7
17 18 13 16 15 14 12 6 4 1 5 3 8 2 10 7 11 9
18 17 14 12 16 15 9 13 5 2 1 7 3 4 6 8 10 11
8
5 6 4 2 1 3 7 9 11 8 12 10 14 15 16 13 17
17 9 5 4 3 1 8 7 12 2 11 13 16 14 10 15 6
6 10 7 5 13 4 9 1 3 11 2 12 17 8 14 16 15
7 12 8 16 5 13 4 11 6 3 9 2 1 17 15 14 10
8 13 16 6 10 5 12 4 9 15 7 3 2 11 1 17 14
10 15 9 17 8 6 5 12 1 13 14 7 3 2 11 4 16
15 16 13 12 17 7 6 5 4 10 8 14 9 3 2 1 11
16 17 10 13 9 8 14 6 7 12 15 11 4 1 3 5 2
0
7
15 12 10 3 29 16 7 13 5 73 18 9 22 17 42 33 2 20 11 21 25 78 27 6 8 14 23 28 38 30 37 32 58 31 26 44 24 34 67 43 19 35 61 53 39 40 45 46 50 57 36 51 49 47 56 59 66 65 62 68 54 55 60 64 72 41 52 75 69 74 71 79 80 63 70 77 1 4 76 48
18 24 11 4 30 21 12 28 73 35 33 15 13 45 3 63 6 2 25 41 49 29 37 5 31 7 36 53 8 20 38 42 32 34 10 9 23 26 70 27 48 19 62 43 57 50 22 54 46 39 51 44 40 52 47 58 67 71 59 76 64 56 65 72 14 55 66 60 78 69 61 80 17 79 74 1 16 75 68 77
29 34 13 69 56 31 18 12 35 4 5 17 63 53 22 44 7 24 21 3 2 1 33 25 6 19 30 57 45 15 20 36 38 8 37 16 48 23 26 42 70 32 64 59 41 10 50 49 61 40 27 46 39 78 65 73 51 43 66 47 67 54 68 74 28 71 14 80 58 62 76 55 75 9 52 60 79 11 77 72
64 42 17 11 34 32 13 30 74 5 24 19 4 35 71 40 27 78 28 18 21 12 48 49 3 37 25 29 58 23 61 20 62 1 2 26 8 6 57 51 36 16 33 9 63 59 44 60 45 50 68 53 43 56 38 46 72 73 70 77 65 66 47 67 80 31 22 41 75 79 69 39 14 52 55 10 15 54 7 76
31 52 45 13 70 78 73 39 69 17 30 56 60 72 55 5 26 4 24 54 18 21 40 11 63 28 37 44 48 3 74 43 64 7 12 32 9 27 16 6 10 36 77 38 20 29 34 22 53 23 50 35 57 59 42 65 33 49 51 62 76 61 67 71 46 66 8 68 41 80 58 25 15 75 2 79 19 14 1 47
72 56 52 23 54 76 68 63 36 60 35 75 32 55 59 43 14 29 5 17 41 26 21 18 15 44 11 47 73 28 30 48 65 3 20 22 34 42 8 24 33 25 80 10 61 64 51 7 31 53 62 45 50 57 67 77 78 58 40 46 71 38 69 79 16 70 27 4 66 13 74 1 39 6 9 37 49 19 12 2
33 79 68 26 52 60 11 78 57 13 54 69 70 63 56 17 75 27 30 5 4 14 51 24 21 41 43 55 66 29 71 45 15 12 32 73 47 40 48 23 25 34 16 44 9 19 35 37 59 42 67 36 22 7 53 64 74 50 46 49 39 80 31 62 2 72 38 65 76 3 77 58 18 61 28 20 10 1 6 8
7
4 5 2 1 3 7 6 8 9 10
5 4 10 6 1 2 7 9 8 3
6 7 3 4 2 1 9 10 5 8
7 6 8 9 4 3 1 2 10 5
8 9 7 10 6 5 2 1 3 4
9 10 4 5 7 8 3 6 1 2
10 8 6 7 5 9 4 3 2 1
13
3 24 11 2 4 10 20 1 13 18 23 5 9 17 8 30 6 39 16 15 14 21 7 28 31 12 27 32 26 40 29 37 43 41 44 51 42 22 38 67 45 55 49 48 19 46 57 54 25 47 34 50 59 33 52 62 60 35 36 63 53 58 56 61 64 68 75 69 76 65 72 70 71 66 77 73 74
5 26 14 74 60 71 23 13 68 19 20 77 17 9 11 31 7 40 18 59 8 24 6 37 30 16 29 38 21 39 27 28 44 47 43 67 45 25 32 51 42 57 54 49 12 55 46 48 22 41 35 52 10 34 58 64 2 33 53 50 36 63 61 56 62 1 76 70 75 72 65 69 15 73 3 66 4
9 27 30 4 72 15 28 37 63 22 75 3 5 39 14 32 12 17 19 64 11 26 25 76 8 18 42 31 24 43 21 23 40 50 51 44 29 36 46 69 48 60 59 45 53 38 55 49 33 52 16 47 54 35 41 71 57 34 6 68 7 1 66 73 10 58 13 67 20 74 2 77 62 56 70 61 65
17 29 31 8 57 21 37 28 75 25 68 9 3 77 30 4 16 43 22 54 38 27 12 20 11 19 15 14 45 44 24 41 39 76 40 69 26 6 55 70 49 65 62 42 7 32 60 59 34 50 18 58 48 36 63 10 46 53 33 47 35 52 73 66 71 13 1 51 23 2 74 67 64 61 5 56 72
39 42 32 31 65 29 41 47 76 33 13 17 40 70 38 46 34 5 73 62 60 45 35 23 14 66 48 30 59 9 26 20 51 28 67 43 27 53 72 44 64 74 71 54 61 57 2 10 36 37 56 63 49 18 68 15 55 19 7 75 6 50 12 16 21 52 58 77 1 4 8 3 24 22 69 25 11
40 45 38 32 74 42 47 41 1 34 28 39 43 3 31 55 33 9 25 71 65 29 36 75 57 73 49 46 62 5 54 50 17 23 69 70 48 61 60 77 59 72 64 26 66 14 30 27 56 20 53 68 15 19 37 21 4 18 35 76 12 13 6 7 24 63 52 44 58 8 11 51 10 16 67 22 2
43 48 46 38 2 45 50 52 20 35 1 40 39 69 65 57 36 67 34 10 72 62 66 63 55 22 54 60 64 17 49 47 9 37 70 77 59 56 74 3 71 11 24 27 73 30 14 26 53 58 61 75 29 25 76 42 31 6 18 41 19 68 7 12 15 23 28 5 13 32 4 44 21 33 51 16 8
44 49 55 46 8 48 52 50 23 36 37 70 51 5 72 74 35 3 53 21 4 64 33 68 60 34 71 57 15 67 59 13 69 58 77 17 54 66 65 39 62 2 10 29 56 31 38 45 61 63 73 76 27 22 75 24 30 25 19 1 18 41 16 6 42 47 20 40 28 11 32 9 26 7 43 12 14
51 54 57 55 11 49 58 63 41 61 76 43 77 40 32 2 56 69 35 24 74 42 34 1 72 36 10 65 71 70 64 75 67 68 9 39 62 73 8 17 21 14 26 59 16 60 4 15 66 13 12 20 45 53 23 27 38 22 25 28 33 37 18 19 48 50 47 3 52 30 46 5 29 6 44 7 31
67 71 74 57 14 54 63 58 52 53 50 44 69 43 55 60 61 51 36 26 2 49 56 13 65 35 59 72 10 77 62 76 70 75 3 5 64 7 11 40 24 8 21 15 34 4 31 29 73 68 66 1 42 12 20 48 32 16 22 37 25 28 19 33 27 41 23 39 47 46 30 17 45 18 9 6 38
69 59 60 65 30 62 68 75 47 56 52 51 44 67 57 72 66 70 61 27 46 54 73 58 74 53 64 55 48 3 71 63 77 1 5 9 49 33 2 43 10 4 15 21 35 8 11 24 6 76 7 13 26 16 28 45 14 36 34 20 22 23 25 18 29 37 50 17 41 38 31 39 42 12 40 19 32
70 64 72 60 46 59 76 68 50 73 58 69 67 44 74 65 53 77 66 48 55 71 61 47 4 56 62 2 49 51 15 52 3 63 17 40 10 35 57 5 54 31 29 24 36 11 32 42 19 75 6 23 21 7 1 26 8 12 16 13 34 20 33 22 45 28 41 9 37 14 38 43 27 25 39 18 30
77 62 65 72 55 64 75 76 58 66 63 67 70 51 60 38 73 44 56 49 57 59 53 41 32 61 45 74 54 69 42 68 5 52 39 3 71 34 4 9 15 30 27 10 18 2 8 21 35 1 36 28 24 6 13 29 11 7 12 23 16 47 22 25 26 20 37 43 50 31 14 40 48 19 17 33 46
20
8 79 15 21 20 19 26 4 9 16 18 22 3 24 12 31 25 37 10 17 6 11 32 5 23 28 30 27 29 36 2 34 35 13 33 7 38 42 40 41 1 66 39 46 44 43 48 45 47 51 50 49 59 52 55 54 58 57 61 53 56 62 67 71 63 64 65 60 68 73 74 69 72 75 70 77 76 80 78 14
10 14 19 25 21 23 20 18 4 26 24 80 27 16 3 22 9 38 11 12 32 17 79 13 29 5 28 15 40 37 31 2 30 35 34 33 41 44 7 36 39 8 1 48 45 53 42 49 43 46 47 51 63 50 56 55 52 54 65 62 57 59 66 61 67 69 64 68 77 60 71 58 73 74 75 78 72 6 70 76
18 19 24 27 25 28 30 21 11 20 79 4 8 26 9 33 3 41 22 29 23 31 6 17 12 16 32 34 10 5 13 35 75 40 42 15 43 38 36 44 7 37 2 1 39 57 46 55 45 47 51 56 48 58 49 61 63 50 54 52 53 70 59 62 65 72 69 64 67 68 76 71 74 77 60 66 73 14 80 78
26 20 29 33 27 25 19 23 12 28 14 76 34 18 17 24 21 3 30 32 11 22 4 35 6 9 16 31 41 15 5 36 2 44 75 10 49 46 38 42 52 7 40 37 1 59 50 39 51 43 45 55 64 48 47 56 66 62 69 54 58 61 53 57 71 77 63 70 78 67 68 74 65 79 73 13 60 8 72 80
30 29 80 35 32 31 42 25 14 23 19 8 33 70 40 20 37 43 3 34 24 18 11 27 4 17 38 12 16 6 10 28 36 5 13 22 2 47 15 49 41 9 21 39 46 1 26 56 44 52 55 7 45 57 50 63 71 51 66 64 59 75 54 48 62 53 61 72 69 76 77 67 58 68 78 73 79 60 65 74
33 30 26 37 34 35 43 27 23 29 20 18 51 21 75 36 31 72 25 44 3 42 22 24 11 8 39 40 12 4 28 6 17 19 5 16 32 2 10 50 38 15 13 41 48 7 1 57 52 53 73 58 49 45 63 64 77 55 46 65 67 76 62 54 59 80 74 66 61 9 78 70 79 56 47 14 69 71 60 68
36 32 41 44 37 46 48 26 24 31 25 19 29 28 14 38 30 75 21 33 34 65 18 40 20 63 35 11 45 71 8 17 23 4 51 12 6 5 43 2 10 16 22 55 15 13 27 58 74 54 39 42 72 7 68 49 47 52 76 67 70 56 50 77 57 59 78 53 1 80 64 3 62 9 79 61 66 73 69 60
42 33 43 41 36 50 46 34 32 35 27 20 26 30 29 37 44 9 23 48 19 3 21 25 14 60 24 51 22 68 11 38 31 17 52 8 53 13 5 28 2 10 4 40 12 61 6 62 70 15 56 65 73 55 75 72 49 64 77 47 71 78 69 67 66 57 79 74 45 59 54 7 80 1 58 18 16 39 76 63
44 34 45 51 39 36 49 40 35 32 28 60 37 31 30 70 41 48 33 43 38 21 3 29 24 18 25 42 50 9 14 16 19 22 11 20 8 27 6 5 56 26 12 2 4 10 13 67 1 58 72 61 75 46 76 66 55 69 17 68 52 47 71 79 73 62 77 7 54 63 80 64 15 59 53 57 78 23 74 65
46 38 49 45 40 41 51 36 34 33 29 72 35 65 43 26 32 44 47 37 42 25 71 28 3 19 18 53 21 16 9 24 56 30 58 14 17 11 8 54 5 31 23 20 27 22 2 6 57 63 62 68 74 60 7 70 76 12 78 69 13 79 52 55 75 48 39 73 10 61 59 15 50 64 67 4 80 77 1 66
48 63 46 68 66 51 55 42 75 34 32 23 65 33 44 71 43 26 36 35 37 30 20 60 21 22 31 56 25 3 18 9 41 50 19 27 16 24 58 8 6 28 5 17 29 38 10 72 54 40 69 62 1 61 15 4 78 70 2 74 76 80 77 52 49 12 57 79 7 13 14 45 64 67 59 53 47 11 73 39
49 45 70 59 68 52 65 43 39 37 36 24 53 72 46 44 51 78 38 60 33 63 31 30 25 32 40 61 26 27 3 20 9 21 23 35 18 16 41 11 8 19 17 28 34 64 14 75 42 10 22 71 76 66 79 73 4 7 15 29 77 1 74 13 69 56 47 6 55 12 48 54 67 5 80 62 2 58 57 50
50 60 69 61 59 65 66 44 40 64 42 28 77 78 71 47 53 52 46 68 35 36 34 32 27 30 37 75 49 25 22 39 43 9 21 19 33 20 26 16 14 18 24 31 17 23 29 74 38 41 70 72 6 63 5 11 80 73 79 7 2 51 13 3 76 55 4 15 56 45 1 8 10 12 48 67 54 57 58 62
58 66 76 60 69 64 73 45 43 65 46 34 54 36 48 49 63 74 40 70 39 59 24 42 31 35 47 44 28 26 23 30 32 41 53 25 21 71 55 17 22 33 8 16 20 18 19 77 37 29 14 38 51 68 6 80 5 75 3 10 7 4 72 27 78 13 2 52 11 56 12 9 61 50 1 79 15 67 62 57
67 50 75 66 78 58 57 65 71 60 76 35 68 34 70 63 73 53 49 46 36 43 41 48 33 24 54 59 55 29 25 44 42 26 9 23 22 21 30 18 27 38 28 19 32 8 31 12 69 37 40 74 15 72 80 39 6 77 20 11 79 10 2 17 51 16 3 47 13 52 45 14 56 4 64 5 7 62 61 1
72 65 52 69 75 60 63 74 45 68 47 36 56 39 78 76 77 55 70 71 51 34 73 66 40 37 58 62 44 38 42 46 53 31 59 29 25 28 24 19 30 21 26 33 9 32 23 20 67 35 27 43 12 1 14 3 41 80 49 6 8 15 7 22 79 10 5 4 57 2 11 16 13 17 50 54 61 48 64 18
61 78 65 70 71 77 60 69 66 75 45 37 58 73 62 52 68 56 74 72 54 46 42 36 34 59 43 57 48 32 27 47 44 51 25 30 55 31 53 35 49 40 29 26 16 63 28 33 20 19 38 3 41 76 22 67 1 5 21 8 80 39 79 23 2 50 14 13 4 24 7 18 11 15 6 17 64 12 9 10
80 74 51 72 76 70 61 77 63 78 60 49 71 41 58 56 75 79 65 73 66 45 43 46 42 34 48 36 68 44 37 53 47 54 26 31 52 30 25 29 62 24 32 35 21 67 38 23 33 59 57 20 40 69 16 9 14 11 22 5 27 8 17 28 7 15 6 55 2 19 39 4 1 18 12 50 13 64 10 3
64 70 50 73 67 71 79 80 69 77 68 61 60 59 76 55 72 62 78 75 52 53 74 63 43 42 57 66 65 47 24 45 46 58 44 39 56 54 34 51 32 30 25 36 40 26 35 41 31 33 37 22 38 10 27 12 29 49 28 17 15 6 1 21 13 18 9 16 5 20 2 23 14 19 8 48 11 4 3 7
69 67 53 74 80 79 64 61 76 70 77 66 72 42 68 65 78 71 75 52 60 51 44 43 73 45 55 63 54 48 33 57 59 47 30 34 50 49 46 32 58 36 31 38 28 40 41 35 56 62 19 37 18 14 23 20 9 1 24 27 6 29 12 25 5 17 7 8 3 26 16 22 39 13 4 15 10 21 2 11
0
7
2 1 5 6 4 3 7 8 9 10 11 12
5 2 7 1 6 4 3 9 8 11 12 10
6 4 10 12 1 7 9 3 5 8 2 11
7 12 8 2 9 10 4 11 3 1 6 5
10 5 9 7 11 12 8 6 4 3 1 2
11 7 12 9 8 1 10 2 6 5 3 4
12 10 11 8 7 6 1 5 2 9 4 3
9
16 3 1 7 6 4 5 9 8 10 12 11 14 13 15 2
2 6 5 8 1 3 9 4 11 12 7 15 16 10 14 13
15 13 6 9 7 16 3 10 12 5 8 2 11 14 1 4
4 2 7 11 8 1 12 3 14 13 5 9 15 16 10 6
14 8 9 12 2 5 6 7 16 15 13 4 3 1 11 10
6 10 16 13 9 12 1 11 3 8 4 5 7 15 2 14
13 15 11 14 10 2 8 1 4 16 9 12 6 7 3 5
8 12 13 15 16 14 11 2 1 3 10 6 4 9 5 7
11 14 12 16 15 9 10 13 6 2 1 8 5 4 7 3
5
9 3 28 11 7 4 19 6 8 12 18 15 31 21 34 2 1 25 16 61 39 68 17 73 5 27 69 13 24 26 80 43 46 38 20 33 62 36 10 41 70 76 22 37 77 59 40 14 49 55 44 23 32 29 42 30 52 65 67 74 48 35 50 57 47 71 78 54 60 79 45 72 51 63 53 75 64 56 58 66
20 43 42 16 14 25 22 26 18 15 78 58 34 59 70 10 24 79 80 77 73 69 36 39 27 64 68 29 63 66 11 56 62 45 76 41 46 17 74 33 31 9 75 44 61 72 60 53 55 49 37 35 51 67 57 52 30 71 13 2 50 23 48 28 54 65 8 47 40 4 38 21 32 1 7 19 5 3 12 6
33 49 48 39 23 46 40 47 61 17 8 12 68 65 31 37 38 4 11 18 16 34 15 80 32 5 70 30 1 6 73 3 25 24 9 20 79 58 2 76 69 41 19 10 78 21 22 7 43 56 74 14 27 13 28 29 67 59 52 44 42 53 57 50 26 72 77 66 75 62 63 71 64 45 35 60 51 55 36 54
41 55 50 73 35 62 60 54 77 36 61 17 69 71 68 44 45 46 39 78 80 70 58 11 51 32 31 52 38 47 16 49 79 63 33 76 4 12 37 9 34 20 40 74 8 65 75 23 56 3 2 53 64 30 48 67 13 72 29 10 57 7 28 42 66 21 18 6 19 25 1 59 5 24 14 22 27 43 15 26
76 56 57 80 53 79 75 66 78 58 77 36 70 72 69 74 63 62 73 8 11 31 12 16 64 51 34 67 45 54 39 55 4 1 41 9 25 15 44 20 68 33 60 2 18 71 19 35 3 43 10 7 5 52 50 13 29 21 30 37 28 14 42 48 6 59 61 26 22 46 24 65 27 38 23 40 32 49 17 47
55
4 3 2 1 8 5 6 10 9 7 11 14 12 13 15 18 16 19 17 31 22 20 23 27 21 24 25 26 28 30 29 34 32 33 35 37 38 36 40 39 41 43 42 45 46 44 47 48 50 52 49 51 53 54 55 56 57 58 59 60 62 61 63 64 65 66 68 67 69 70 71 72 73 74 75 76 77 79 80 78
5 6 3 8 4 2 7 1 10 9 13 15 11 12 14 19 17 16 18 32 23 22 20 28 24 21 26 25 31 27 30 35 33 34 36 29 37 38 41 40 39 44 51 47 42 45 43 49 52 46 48 50 54 53 58 55 56 59 57 61 60 62 64 63 66 65 69 68 70 67 72 71 74 73 78 75 76 77 79 80
6 5 4 80 11 8 9 18 2 10 7 19 1 14 12 21 13 15 16 33 17 24 22 29 23 20 27 28 25 26 31 30 34 35 32 39 43 37 36 38 40 45 41 48 47 46 49 44 51 42 50 52 55 56 53 57 58 54 62 59 63 60 61 65 64 67 66 69 68 71 70 73 72 77 74 78 79 76 3 75
9 8 14 3 18 4 10 5 6 2 15 22 17 7 79 23 11 13 12 19 16 25 24 30 26 28 20 21 32 35 27 31 36 38 33 41 29 34 37 42 43 39 44 50 40 47 45 51 55 53 46 48 49 52 54 58 59 56 64 57 65 63 60 61 62 70 71 72 66 68 67 69 75 78 73 74 1 80 76 77
10 9 8 5 14 3 11 4 13 6 16 75 15 20 77 7 12 21 19 18 26 17 25 31 22 29 23 24 33 37 34 27 30 28 38 32 44 35 42 36 45 46 39 41 43 40 51 50 56 47 57 49 48 55 52 53 61 60 54 58 59 64 62 66 67 63 65 70 71 72 68 74 69 79 80 73 78 1 2 76
11 10 9 6 19 12 13 3 4 8 14 77 78 15 76 22 18 80 20 35 27 16 17 32 31 25 21 23 37 24 26 28 39 30 34 42 45 29 33 41 46 48 38 54 36 49 40 43 58 44 51 53 47 61 50 59 52 55 66 56 57 65 67 60 68 62 63 64 72 73 69 75 70 71 1 79 2 5 7 74
12 11 16 9 20 6 14 19 75 77 8 78 5 10 1 33 15 7 21 13 18 26 27 34 36 17 22 29 35 39 24 25 37 23 31 28 30 32 38 44 42 49 53 55 41 48 52 45 59 43 58 40 46 47 61 50 51 62 67 63 64 54 56 57 60 71 70 73 65 66 74 68 76 69 72 80 3 2 4 79
14 12 17 11 22 9 15 20 3 4 75 2 8 16 10 79 78 23 24 36 7 13 18 33 34 26 19 27 38 46 25 21 35 31 37 44 28 39 30 32 29 50 54 56 45 41 53 52 60 58 42 43 40 48 47 49 63 51 68 55 67 57 59 62 61 64 72 74 73 65 66 76 77 80 69 70 71 6 5 1
15 13 18 12 23 10 16 11 8 3 4 79 77 9 17 76 80 20 22 37 14 78 19 35 33 32 24 30 39 47 36 26 21 27 25 45 31 28 43 34 48 29 56 57 49 38 54 41 61 59 44 42 50 40 46 51 53 52 58 62 68 66 55 1 69 60 64 63 74 75 73 65 67 72 71 2 70 7 6 5
16 14 19 13 24 11 12 22 17 18 73 6 74 75 20 1 5 9 79 10 15 80 26 36 37 41 28 31 40 50 33 38 25 21 39 27 23 42 32 30 49 34 35 29 51 52 55 54 62 45 43 44 56 46 48 47 64 53 69 65 58 59 66 2 57 61 60 76 63 77 78 67 68 3 4 71 72 70 8 7
18 15 20 19 28 13 17 24 11 12 3 8 2 74 16 5 77 78 25 38 79 7 10 37 14 22 29 32 42 51 35 36 26 39 40 46 21 23 27 31 50 33 30 34 52 53 56 55 64 41 45 54 43 44 49 48 47 61 71 80 69 58 1 59 70 57 62 60 75 63 76 66 65 67 68 72 4 73 9 6
20 18 21 15 29 14 19 25 16 11 74 24 76 64 13 4 1 5 8 12 75 77 7 38 39 37 17 22 43 52 41 42 27 26 44 47 32 31 23 28 51 53 33 30 34 35 36 56 65 54 60 45 58 49 40 46 50 48 72 71 80 67 2 55 59 73 57 61 62 79 63 78 66 68 3 6 69 9 10 70
21 19 22 20 30 15 26 29 14 13 6 18 70 77 23 75 4 64 27 8 74 10 28 7 38 71 12 33 16 17 37 24 40 36 41 25 34 44 31 35 53 51 32 39 55 50 59 57 66 56 61 46 42 43 45 60 49 47 48 1 2 52 54 3 58 72 73 62 76 80 79 63 78 65 67 68 5 69 11 9
23 20 24 25 32 16 22 33 19 17 9 26 64 78 18 6 8 70 15 73 76 11 13 74 7 12 14 34 44 53 38 37 41 40 43 48 27 21 28 45 54 31 57 35 29 30 39 58 36 60 62 55 51 42 63 61 46 50 49 47 1 56 52 4 71 59 75 77 79 2 80 3 5 66 65 67 68 72 69 10
25 21 23 28 34 17 20 32 26 16 10 27 71 2 19 77 6 73 29 70 5 8 14 11 78 74 15 18 12 22 39 41 42 24 45 49 46 33 35 47 37 52 31 58 30 36 38 61 67 64 63 56 59 51 43 40 44 65 53 48 50 69 3 54 55 75 76 57 60 62 1 79 80 4 66 7 9 68 13 72
26 23 25 29 36 18 30 34 28 19 17 31 69 4 21 70 9 74 75 76 8 73 32 10 13 7 16 20 15 14 12 22 43 41 24 50 48 27 44 33 55 56 37 59 35 39 60 62 38 61 64 57 45 63 42 65 67 40 46 49 47 51 58 52 72 54 77 78 1 3 2 80 79 5 6 66 53 71 68 11
27 25 26 23 37 19 32 35 29 20 18 30 59 73 22 71 76 72 6 4 9 69 31 39 40 11 70 36 75 15 78 12 16 43 17 24 49 41 21 46 28 55 58 33 56 34 62 63 68 65 38 60 52 45 44 64 42 66 74 50 48 80 47 5 1 77 54 79 57 51 61 2 3 7 8 10 67 53 14 13
29 26 28 30 38 23 33 36 25 24 19 34 79 8 27 74 10 75 31 6 72 71 35 76 41 15 73 37 80 13 14 16 12 18 46 17 50 20 22 49 21 58 59 32 57 51 63 39 69 66 70 61 60 62 64 44 45 42 40 43 53 48 4 47 3 78 52 54 77 1 5 7 2 9 11 65 55 67 56 68
31 28 29 32 39 25 34 37 30 23 20 33 80 11 24 73 14 76 35 40 69 79 8 72 9 42 75 38 78 77 15 17 18 12 16 22 19 26 45 27 56 21 61 62 58 54 65 64 70 68 36 41 63 66 74 67 71 44 43 46 49 50 48 6 47 1 59 52 3 57 60 4 7 2 5 51 10 13 55 53
32 29 30 35 41 26 36 38 33 37 21 25 72 24 34 56 19 77 28 75 53 64 39 6 42 44 7 70 74 10 13 79 17 76 12 16 18 22 47 50 20 23 27 31 59 55 66 65 73 69 71 62 61 67 78 45 68 63 80 40 43 46 49 48 4 2 58 1 54 5 3 57 60 8 9 11 51 52 15 14
33 32 34 37 42 28 38 39 35 26 22 29 53 21 25 80 20 79 30 11 64 68 40 9 72 45 76 43 13 59 73 14 19 15 48 12 17 18 51 75 24 27 23 61 31 56 67 66 74 70 69 36 41 65 62 63 77 71 44 3 46 49 50 7 5 47 78 58 4 54 6 1 57 60 2 8 52 10 16 55
35 33 32 38 43 29 37 40 34 41 23 36 60 25 30 55 21 1 42 39 59 56 44 18 53 47 71 48 76 64 10 78 14 20 49 77 15 70 19 16 17 22 24 26 27 28 31 67 75 72 73 63 62 68 80 69 65 74 45 51 6 2 5 46 50 3 79 4 61 58 7 8 9 57 12 13 54 11 52 66
36 35 33 39 44 32 41 42 38 40 24 37 55 26 29 72 23 56 53 43 73 65 30 46 45 49 59 47 58 60 76 74 22 51 50 13 14 75 78 17 79 18 19 20 21 25 27 68 28 31 34 64 69 71 1 77 70 67 3 6 7 4 8 9 48 5 80 2 10 61 62 12 63 11 57 15 66 16 54 52
37 36 38 40 45 35 39 41 42 43 25 46 61 27 32 58 29 65 69 44 55 70 33 48 47 50 72 49 59 56 60 64 51 52 53 75 73 71 76 54 16 78 79 19 20 23 21 22 30 24 26 31 28 34 2 68 74 77 4 7 8 3 9 10 6 11 1 80 5 12 13 62 14 15 63 57 17 18 66 67
39 40 36 42 46 38 43 44 41 48 27 45 3 28 37 2 30 61 58 47 68 60 29 49 50 51 66 35 62 65 59 75 52 53 55 70 64 63 69 56 77 72 73 79 78 76 26 74 23 33 24 25 31 32 34 71 80 1 5 8 9 6 7 11 12 4 13 10 14 15 16 17 20 19 18 21 57 22 67 54
40 42 37 43 47 36 46 45 39 38 29 41 65 72 48 64 27 2 59 49 70 66 34 50 44 53 74 51 56 61 69 58 54 55 52 62 67 60 63 57 75 68 71 76 77 79 28 73 25 23 30 26 32 31 35 78 1 80 33 10 11 5 12 8 7 14 9 15 6 13 4 16 17 20 19 3 18 21 22 24
42 43 39 44 48 40 47 46 36 49 30 38 58 3 45 65 31 62 70 79 4 67 41 51 52 54 77 53 60 66 63 71 50 56 57 61 72 59 64 55 68 69 75 73 74 26 29 76 27 28 78 32 25 33 37 80 34 35 6 12 10 7 11 14 8 15 16 5 9 17 18 13 1 21 20 19 22 23 24 2
43 44 40 45 49 39 42 47 48 46 31 50 6 29 53 3 32 66 73 57 77 74 38 68 51 55 78 52 63 67 64 62 56 54 58 72 75 61 60 59 80 65 76 70 71 27 30 69 33 34 79 37 26 28 25 2 35 36 41 13 12 8 10 15 9 7 11 14 16 19 17 5 4 22 21 1 20 24 18 23
44 45 42 46 50 41 48 43 40 51 72 47 9 31 49 34 3 68 1 2 61 4 52 5 54 56 79 39 64 55 67 63 53 57 59 60 74 62 66 58 65 71 70 80 69 73 33 75 77 76 23 38 78 35 26 25 36 28 7 14 13 10 16 12 11 8 17 18 15 6 20 19 24 27 22 29 21 30 37 32
46 47 43 48 51 44 53 50 45 42 32 49 66 34 40 61 79 3 36 1 60 5 54 41 4 73 8 55 68 69 70 76 57 58 56 59 77 72 67 52 63 62 20 65 64 80 35 78 31 74 75 71 30 37 28 26 2 38 9 39 14 11 17 16 18 10 7 22 12 21 15 23 6 13 24 27 19 25 29 33
47 48 46 50 52 43 54 53 44 56 34 51 10 32 42 78 33 6 37 55 2 72 1 40 5 57 13 63 69 70 71 65 59 45 60 58 24 64 62 61 73 76 21 25 67 66 68 77 79 80 74 39 36 75 31 3 4 41 35 38 15 14 18 49 16 12 8 7 17 11 9 20 26 23 27 22 28 19 30 29
48 50 51 47 53 45 55 52 54 44 36 43 18 79 46 9 34 67 32 3 6 57 42 1 49 4 5 56 71 68 58 80 60 59 62 73 76 69 74 63 61 64 25 66 75 77 72 70 29 78 28 65 33 30 38 31 37 2 8 41 16 39 40 17 14 19 21 11 7 10 12 22 13 24 15 23 26 20 27 35
49 51 48 52 54 46 56 55 47 50 79 53 20 35 43 36 37 10 33 80 62 2 57 42 70 1 4 5 72 73 61 66 44 60 63 74 58 77 15 64 59 67 65 21 22 75 78 71 76 27 25 68 34 69 3 28 26 30 31 45 38 40 14 18 17 16 19 8 13 7 11 9 12 29 23 24 6 32 41 39
50 53 52 51 56 48 57 54 55 58 39 59 21 40 47 35 38 22 80 41 3 6 75 2 61 5 9 1 73 71 74 68 72 44 65 76 70 78 18 79 62 77 63 69 60 67 32 19 37 30 27 66 64 29 36 4 31 26 28 33 17 42 45 20 46 49 14 16 8 23 24 10 11 25 13 12 7 34 43 15
52 54 53 55 57 49 58 48 50 59 42 56 63 43 60 37 40 24 71 78 10 75 76 3 2 6 18 65 1 72 5 7 11 47 51 9 13 74 68 69 66 79 64 27 62 61 73 80 39 77 29 67 70 41 4 30 32 31 36 35 33 44 19 21 20 17 22 23 25 16 8 26 15 14 28 34 38 12 45 46
53 55 57 54 58 50 59 56 51 52 77 48 28 42 61 38 41 25 60 46 11 12 72 62 6 2 10 3 4 80 7 8 75 64 66 14 26 79 70 15 76 73 67 63 68 65 74 1 78 19 22 69 71 39 5 29 30 37 32 31 35 33 36 40 44 18 49 17 20 24 23 27 16 34 43 9 13 45 47 21
54 56 55 53 59 79 60 57 58 61 45 52 29 67 50 39 72 28 68 69 12 76 43 63 64 3 31 2 5 1 77 9 62 6 7 10 11 13 73 65 15 16 66 71 24 20 75 21 80 35 19 70 74 78 41 32 25 4 30 36 37 38 33 44 40 46 23 49 22 27 14 18 8 17 26 42 34 47 48 51
55 58 59 60 61 51 63 62 53 54 47 57 33 48 56 69 70 29 72 77 13 14 71 73 65 64 32 6 2 74 4 10 1 5 67 7 52 11 8 66 9 80 12 15 76 68 79 23 20 21 31 78 75 38 22 39 3 25 26 37 28 30 41 50 35 36 44 27 24 34 40 42 43 49 16 17 45 46 19 18
56 60 58 59 62 52 61 63 57 53 48 54 37 47 55 40 42 30 77 67 19 15 46 70 66 65 35 8 79 75 9 11 74 72 69 6 68 10 71 78 12 13 4 18 80 64 76 3 1 20 32 73 27 2 39 5 29 7 38 44 31 36 28 33 41 50 24 34 26 22 21 43 45 16 49 14 23 51 25 17
58 61 60 62 64 53 65 59 56 63 49 55 38 50 74 68 43 57 76 72 28 19 80 52 79 66 54 71 3 2 8 13 4 67 70 11 6 7 77 73 69 17 9 12 15 78 16 25 18 39 20 75 1 23 27 22 5 29 10 32 30 35 44 41 33 21 36 46 31 40 34 24 42 26 14 45 47 48 51 37
59 62 61 58 60 54 64 65 63 66 52 67 39 53 68 42 71 31 78 48 30 28 70 75 55 69 37 72 6 76 11 15 73 79 80 51 7 12 56 8 74 3 13 9 1 57 77 32 2 18 33 19 38 4 23 27 22 5 29 25 36 41 24 26 49 35 46 44 34 50 47 45 10 40 17 16 43 14 21 20
60 63 62 61 65 72 80 58 59 64 54 66 41 52 69 43 45 32 55 42 67 29 73 53 71 68 38 74 8 78 57 18 77 1 4 5 3 56 75 76 70 11 15 13 12 9 17 2 21 37 35 79 24 19 6 23 7 27 22 16 51 20 30 28 31 33 39 25 44 46 50 47 48 10 40 49 14 26 34 36
61 64 63 65 66 55 67 60 62 68 56 76 42 54 70 45 48 58 34 74 36 50 77 78 69 59 39 75 52 57 79 19 2 4 72 8 51 73 80 53 7 10 14 17 13 71 18 15 3 1 12 20 37 5 24 6 23 9 11 22 25 32 27 31 28 29 35 41 46 44 38 21 47 30 33 26 16 49 40 43
63 65 64 67 68 56 69 61 74 62 55 72 43 57 78 60 49 33 54 45 52 58 47 59 75 70 34 76 9 79 80 20 66 2 73 15 53 4 26 51 71 7 10 22 3 12 13 14 5 6 21 77 18 1 19 24 8 11 42 27 29 25 31 38 36 28 50 32 35 37 41 39 44 48 30 40 46 17 23 16
72 68 65 64 69 76 70 67 79 71 59 58 57 55 80 46 51 35 63 50 66 30 60 77 73 62 47 61 53 3 56 54 78 74 75 52 5 6 4 14 10 19 17 24 18 1 9 12 13 15 8 21 2 20 7 11 16 23 34 26 22 45 32 25 27 40 28 31 33 42 36 38 29 37 48 41 39 43 44 49
66 71 70 69 72 57 68 77 60 80 61 73 44 56 54 47 52 51 64 65 41 33 63 79 76 78 46 59 11 4 55 39 8 75 74 2 62 15 53 67 5 6 18 7 16 58 12 9 14 13 17 1 3 21 20 19 10 34 23 29 26 37 42 24 30 48 45 35 43 31 22 36 25 28 32 50 40 27 49 38
76 66 72 70 71 58 73 64 61 74 60 68 47 59 62 48 53 38 65 51 42 35 49 80 77 75 56 79 55 5 3 67 69 7 78 54 2 57 52 4 6 8 1 11 63 24 34 10 9 12 13 23 15 14 21 16 18 17 19 20 27 26 29 43 45 32 33 36 28 25 31 37 39 46 44 30 41 40 50 22
78 72 75 71 70 73 74 69 64 65 62 60 48 58 63 49 54 40 43 66 44 51 50 55 56 76 52 77 17 6 16 59 68 61 79 53 10 19 57 80 67 5 7 8 11 2 1 13 12 9 14 4 39 3 15 18 20 21 24 23 32 34 22 27 42 25 30 37 47 28 33 31 36 35 38 46 29 41 26 45
79 73 78 72 74 75 71 70 65 69 63 61 49 60 58 50 56 41 48 52 43 36 53 66 80 77 51 44 18 7 54 55 67 62 76 3 57 17 1 2 64 59 68 6 8 29 4 5 10 16 9 12 13 11 14 15 21 24 20 34 23 22 26 30 19 45 25 39 32 33 28 35 31 38 42 47 27 37 46 40
67 74 80 75 76 59 72 73 70 78 64 65 56 62 71 51 60 44 40 54 46 55 58 43 68 79 41 69 20 8 53 52 47 49 77 57 66 3 61 11 2 1 5 4 17 63 6 7 15 10 16 22 9 12 13 21 19 18 14 24 34 23 37 39 26 27 42 29 48 45 25 32 28 33 35 31 30 36 38 50
68 75 66 74 77 78 76 72 67 79 65 71 50 63 73 62 59 45 46 61 47 53 55 57 58 80 40 60 49 54 52 51 64 69 1 20 56 24 3 70 4 14 2 5 25 31 7 6 16 8 11 27 10 9 12 13 15 19 18 17 44 43 23 22 21 39 26 48 29 32 35 34 37 41 36 33 42 38 28 30
80 76 73 77 79 70 78 75 66 67 68 74 51 65 72 52 61 46 49 56 50 38 62 54 63 58 53 40 57 9 18 43 48 71 2 1 55 25 59 60 3 20 6 64 28 69 8 4 7 11 15 29 5 10 17 12 13 14 16 19 21 24 39 23 22 44 34 30 27 47 37 41 32 31 45 36 33 42 35 26
70 78 74 76 75 60 79 80 73 72 67 69 62 66 65 53 64 47 51 59 56 52 68 58 43 63 50 54 46 11 19 57 61 77 5 55 1 49 48 71 14 24 22 28 26 32 3 16 4 7 37 2 6 8 9 10 17 12 15 18 41 13 21 45 23 20 38 40 36 35 27 25 30 39 29 44 31 33 42 34
74 77 79 78 80 66 75 76 71 73 70 64 52 69 67 54 62 49 61 60 51 47 59 65 48 72 57 58 50 16 20 53 46 68 6 56 63 40 55 3 22 28 26 1 37 5 2 11 17 14 39 33 4 7 8 9 12 10 13 15 18 19 43 42 24 23 41 45 21 30 29 44 34 32 25 38 35 31 36 27
73 80 76 79 78 69 77 74 72 75 71 70 54 68 64 57 66 53 52 63 49 44 56 61 67 60 55 62 51 20 22 50 65 46 10 26 59 48 58 1 18 25 28 37 2 33 5 17 6 4 3 7 8 16 11 14 9 13 12 21 19 15 38 34 43 24 40 47 23 29 42 30 27 45 39 32 36 35 31 41
9
2 1 3 4 5 6 7 9 8 10
3 2 10 5 6 4 8 7 9 1
4 3 9 10 7 8 5 6 1 2
5 4 1 2 3 7 9 10 6 8
6 5 4 8 2 9 10 1 7 3
7 9 5 1 8 10 3 4 2 6
8 6 7 9 10 2 1 3 5 4
9 10 8 6 1 3 2 5 4 7
10 8 6 7 9 1 4 2 3 5
11
2 1 3 5 4 6 8 7 10 9 12 11 13 15 14
3 2 1 6 5 4 9 8 7 10 14 12 11 13 15
4 3 5 15 6 7 2 10 11 12 8 9 14 1 13
5 4 8 14 15 9 6 2 12 13 7 1 10 3 11
6 5 11 1 3 8 10 12 13 14 9 7 15 2 4
7 9 4 12 8 11 3 6 14 15 1 13 2 10 5
8 10 14 2 7 1 11 13 15 6 5 3 4 12 9
11 12 9 3 10 14 13 4 6 1 15 8 7 5 2
12 11 13 7 9 15 1 14 4 2 6 5 3 8 10
15 13 10 11 12 5 14 3 1 4 2 6 9 7 8
13 14 15 8 11 10 12 1 5 3 4 2 6 9 7
0
3
4 9 5 3 2 13 10 17 8 6 1 12 16 11 7 14 15
11 3 12 4 8 5 13 10 17 7 2 9 1 14 16 15 6
8 4 17 15 3 9 16 5 13 11 6 10 12 1 14 2 7
7
2 3 1 4 5 6 7 10 8 11 9 14 12 13 15
6 7 9 1 15 5 2 4 10 8 12 11 13 14 3
11 8 6 10 13 14 5 7 9 12 4 15 3 1 2
12 10 11 2 3 1 9 6 13 14 8 4 5 15 7
13 11 7 9 14 15 10 1 2 5 6 3 4 12 8
14 15 10 13 8 9 11 12 1 6 5 2 7 3 4
15 13 14 11 9 12 3 2 5 1 10 7 8 4 6
7
4 5 6 1 2 3 10 11 7 8 9 14 12 13
5 13 10 2 14 7 6 12 3 9 8 1 11 4
6 4 5 3 1 2 11 10 8 7 14 9 13 12
10 6 12 7 3 9 5 13 2 14 1 8 4 11
11 10 13 8 7 14 12 4 9 1 3 2 6 5
12 11 4 9 8 1 13 5 14 2 7 3 10 6
13 12 11 14 9 8 4 6 1 3 2 7 5 10
0
0
5
6 2 4 9 3 5 1 12 7 13 8 15 11 16 10 20 18 17 14 19
9 4 14 19 5 20 12 17 11 18 10 16 7 15 8 3 13 1 2 6
13 8 2 6 7 3 15 1 5 9 4 12 20 17 14 11 19 16 10 18
18 10 8 13 11 7 16 15 20 19 14 17 3 1 2 5 6 12 4 9
19 14 10 18 20 11 17 16 3 6 2 1 5 12 4 7 9 15 8 13
0
0
80
1 2 3 4 5 6 7 8 9 10 11 12 13 14 15 16 17 18 19 20 21 22 23 24 25 26 27 28 29 30 31 32 33 34 35 36 37 38 39 40 41 42 43 44 45 46 47 48 49 50 51 52 53 54 55 56 57 58 59 60 61 62 63 64 65 66 67 68 69 70 71 72 73 74 75 76 77 78 79 80
2 1 4 3 6 5 8 7 10 9 12 11 14 13 16 15 18 17 20 19 22 21 24 23 26 25 28 27 30 29 32 31 34 33 36 35 38 37 40 39 42 41 44 43 46 45 48 47 50 49 52 51 54 53 56 55 58 57 60 59 62 61 64 63 66 65 68 67 70 69 72 71 74 73 76 75 78 77 80 79
3 4 1 2 7 8 5 6 11 12 9 10 15 16 13 14 19 20 17 18 23 24 21 22 27 28 25 26 31 32 29 30 35 36 33 34 39 40 37 38 43 44 41 42 47 48 45 46 51 52 49 50 55 56 53 54 59 60 57 58 63 64 61 62 67 68 65 66 71 72 69 70 75 76 73 74 79 80 77 78
4 3 2 1 8 7 6 5 12 11 10 9 16 15 14 13 20 19 18 17 24 23 22 21 28 27 26 25 32 31 30 29 36 35 34 33 40 39 38 37 44 43 42 41 48 47 46 45 52 51 50 49 56 55 54 53 60 59 58 57 64 63 62 61 68 67 66 65 72 71 70 69 76 75 74 73 80 79 78 77
5 6 7 8 1 2 3 4 13 14 15 16 9 10 11 12 21 22 23 24 17 18 19 20 29 30 31 32 25 26 27 28 37 38 39 40 33 34 35 36 45 46 47 48 41 42 43 44 53 54 55 56 49 50 51 52 61 62 63 64 57 58 59 60 69 70 71 72 65 66 67 68 77 78 79 80 73 74 75 76
6 5 8 7 2 1 4 3 14 13 16 15 10 9 12 11 22 21 24 23 18 17 20 19 30 29 32 31 26 25 28 27 38 37 40 39 34 33 36 35 46 45 48 47 42 41 44 43 54 53 56 55 50 49 52 51 62 61 64 63 58 57 60 59 70 69 72 71 66 65 68 67 78 77 80 79 74 73 76 75
7 8 5 6 3 4 1 2 15 16 13 14 11 12 9 10 23 24 21 22 19 20 17 18 31 32 29 30 27 28 25 26 39 40 37 38 35 36 33 34 47 48 45 46 43 44 41 42 55 56 53 54 51 52 49 50 63 64 61 62 59 60 57 58 71 72 69 70 67 68 65 66 79 80 77 78 75 76 73 74
8 7 6 5 4 3 2 1 16 15 14 13 12 11 10 9 24 23 22 21 20 19 18 17 32 31 30 29 28 27 26 25 40 39 38 37 36 35 34 33 48 47 46 45 44 43 42 41 56 55 54 53 52 51 50 49 64 63 62 61 60 59 58 57 72 71 70 69 68 67 66 65 80 79 78 77 76 75 74 73
9 10 11 12 13 14 15 16 1 2 3 4 5 6 7 8 25 26 27 28 29 30 31 32 17 18 19 20 21 22 23 24 41 42 43 44 45 46 47 48 33 34 35 36 37 38 39 40 57 58 59 60 61 62 63 64 49 50 51 52 53 54 55 56 73 74 75 76 77 78 79 80 65 66 67 68 69 70 71 72
10 9 12 11 14 13 16 15 2 1 4 3 6 5 8 7 26 25 28 27 30 29 32 31 18 17 20 19 22 21 24 23 42 41 44 43 46 45 48 47 34 33 36 35 38 37 40 39 58 57 60 59 62 61 64 63 50 49 52 51 54 53 56 55 74 73 76 75 78 77 80 79 66 65 68 67 70 69 72 71
11 12 9 10 15 16 13 14 3 4 1 2 7 8 5 6 27 28 25 26 31 32 29 30 19 20 17 18 23 24 21 22 43 44 41 42 47 48 45 46 35 36 33 34 39 40 37 38 59 60 57 58 63 64 61 62 51 52 49 50 55 56 53 54 75 76 73 74 79 80 77 78 67 68 65 66 71 72 69 70
12 11 10 9 16 15 14 13 4 3 2 1 8 7 6 5 28 27 26 25 32 31 30 29 20 19 18 17 24 23 22 21 44 43 42 41 48 47 46 45 36 35 34 33 40 39 38 37 60 59 58 57 64 63 62 61 52 51 50 49 56 55 54 53 76 75 74 73 80 79 78 77 68 67 66 65 72 71 70 69
13 14 15 16 9 10 11 12 5 6 7 8 1 2 3 4 29 30 31 32 25 26 27 28 21 22 23 24 17 18 19 20 45 46 47 48 41 42 43 44 37 38 39 40 33 34 35 36 61 62 63 64 57 58 59 60 53 54 55 56 49 50 51 52 77 78 79 80 73 74 75 76 69 70 71 72 65 66 67 68
14 13 16 15 10 9 12 11 6 5 8 7 2 1 4 3 30 29 32 31 26 25 28 27 22 21 24 23 18 17 20 19 46 45 48 47 42 41 44 43 38 37 40 39 34 33 36 35 62 61 64 63 58 57 60 59 54 53 56 55 50 49 52 51 78 77 80 79 74 73 76 75 70 69 72 71 66 65 68 67
15 16 13 14 11 12 9 10 7 8 5 6 3 4 1 2 31 32 29 30 27 28 25 26 23 24 21 22 19 20 17 18 47 48 45 46 43 44 41 42 39 40 37 38 35 36 33 34 63 64 61 62 59 60 57 58 55 56 53 54 51 52 49 50 79 80 77 78 75 76 73 74 71 72 69 70 67 68 65 66
16 15 14 13 12 11 10 9 8 7 6 5 4 3 2 1 32 31 30 29 28 27 26 25 24 23 22 21 20 19 18 17 48 47 46 45 44 43 42 41 40 39 38 37 36 35 34 33 64 63 62 61 60 59 58 57 56 55 54 53 52 51 50 49 80 79 78 77 76 75 74 73 72 71 70 69 68 67 66 65
17 18 19 20 21 22 23 24 25 26 27 28 29 30 31 32 65 66 67 68 69 70 71 72 73 74 75 76 77 78 79 80 49 50 51 52 53 54 55 56 57 58 59 60 61 62 63 64 33 34 35 36 37 38 39 40 41 42 43 44 45 46 47 48 1 2 3 4 5 6 7 8 9 10 11 12 13 14 15 16
18 17 20 19 22 21 24 23 26 25 28 27 30 29 32 31 66 65 68 67 70 69 72 71 74 73 76 75 78 77 80 79 50 49 52 51 54 53 56 55 58 57 60 59 62 61 64 63 34 33 36 35 38 37 40 39 42 41 44 43 46 45 48 47 2 1 4 3 6 5 8 7 10 9 12 11 14 13 16 15
19 20 17 18 23 24 21 22 27 28 25 26 31 32 29 30 67 68 65 66 71 72 69 70 75 76 73 74 79 80 77 78 51 52 49 50 55 56 53 54 59 60 57 58 63 64 61 62 35 36 33 34 39 40 37 38 43 44 41 42 47 48 45 46 3 4 1 2 7 8 5 6 11 12 9 10 15 16 13 14
20 19 18 17 24 23 22 21 28 27 26 25 32 31 30 29 68 67 66 65 72 71 70 69 76 75 74 73 80 79 78 77 52 51 50 49 56 55 54 53 60 59 58 57 64 63 62 61 36 35 34 33 40 39 38 37 44 43 42 41 48 47 46 45 4 3 2 1 8 7 6 5 12 11 10 9 16 15 14 13
21 22 23 24 17 18 19 20 29 30 31 32 25 26 27 28 69 70 71 72 65 66 67 68 77 78 79 80 73 74 75 76 53 54 55 56 49 50 51 52 61 62 63 64 57 58 59 60 37 38 39 40 33 34 35 36 45 46 47 48 41 42 43 44 5 6 7 8 1 2 3 4 13 14 15 16 9 10 11 12
22 21 24 23 18 17 20 19 30 29 32 31 26 25 28 27 70 69 72 71 66 65 68 67 78 77 80 79 74 73 76 75 54 53 56 55 50 49 52 51 62 61 64 63 58 57 60 59 38 37 40 39 34 33 36 35 46 45 48 47 42 41 44 43 6 5 8 7 2 1 4 3 14 13 16 15 10 9 12 11
23 24 21 22 19 20 17 18 31 32 29 30 27 28 25 26 71 72 69 70 67 68 65 66 79 80 77 78 75 76 73 74 55 56 53 54 51 52 49 50 63 64 61 62 59 60 57 58 39 40 37 38 35 36 33 34 47 48 45 46 43 44 41 42 7 8 5 6 3 4 1 2 15 16 13 14 11 12 9 10
24 23 22 21 20 19 18 17 32 31 30 29 28 27 26 25 72 71 70 69 68 67 66 65 80 79 78 77 76 75 74 73 56 55 54 53 52 51 50 49 64 63 62 61 60 59 58 57 40 39 38 37 36 35 34 33 48 47 46 45 44 43 42 41 8 7 6 5 4 3 2 1 16 15 14 13 12 11 10 9
25 26 27 28 29 30 31 32 17 18 19 20 21 22 23 24 73 74 75 76 77 78 79 80 65 66 67 68 69 70 71 72 57 58 59 60 61 62 63 64 49 50 51 52 53 54 55 56 41 42 43 44 45 46 47 48 33 34 35 36 37 38 39 40 9 10 11 12 13 14 15 16 1 2 3 4 5 6 7 8
26 25 28 27 30 29 32 31 18 17 20 19 22 21 24 23 74 73 76 75 78 77 80 79 66 65 68 67 70 69 72 71 58 57 60 59 62 61 64 63 50 49 52 51 54 53 56 55 42 41 44 43 46 45 48 47 34 33 36 35 38 37 40 39 10 9 12 11 14 13 16 15 2 1 4 3 6 5 8 7
27 28 25 26 31 32 29 30 19 20 17 18 23 24 21 22 75 76 73 74 79 80 77 78 67 68 65 66 71 72 69 70 59 60 57 58 63 64 61 62 51 52 49 50 55 56 53 54 43 44 41 42 47 48 45 46 35 36 33 34 39 40 37 38 11 12 9 10 15 16 13 14 3 4 1 2 7 8 5 6
28 27 26 25 32 31 30 29 20 19 18 17 24 23 22 21 76 75 74 73 80 79 78 77 68 67 66 65 72 71 70 69 60 59 58 57 64 63 62 61 52 51 50 49 56 55 54 53 44 43 42 41 48 47 46 45 36 35 34 33 40 39 38 37 12 11 10 9 16 15 14 13 4 3 2 1 8 7 6 5
29 30 31 32 25 26 27 28 21 22 23 24 17 18 19 20 77 78 79 80 73 74 75 76 69 70 71 72 65 66 67 68 61 62 63 64 57 58 59 60 53 54 55 56 49 50 51 52 45 46 47 48 41 42 43 44 37 38 39 40 33 34 35 36 13 14 15 16 9 10 11 12 5 6 7 8 1 2 3 4
30 29 32 31 26 25 28 27 22 21 24 23 18 17 20 19 78 77 80 79 74 73 76 75 70 69 72 71 66 65 68 67 62 61 64 63 58 57 60 59 54 53 56 55 50 49 52 51 46 45 48 47 42 41 44 43 38 37 40 39 34 33 36 35 14 13 16 15 10 9 12 11 6 5 8 7 2 1 4 3
31 32 29 30 27 28 25 26 23 24 21 22 19 20 17 18 79 80 77 78 75 76 73 74 71 72 69 70 67 68 65 66 63 64 61 62 59 60 57 58 55 56 53 54 51 52 49 50 47 48 45 46 43 44 41 42 39 40 37 38 35 36 33 34 15 16 13 14 11 12 9 10 7 8 5 6 3 4 1 2
32 31 30 29 28 27 26 25 24 23 22 21 20 19 18 17 80 79 78 77 76 75 74 73 72 71 70 69 68 67 66 65 64 63 62 61 60 59 58 57 56 55 54 53 52 51 50 49 48 47 46 45 44 43 42 41 40 39 38 37 36 35 34 33 16 15 14 13 12 11 10 9 8 7 6 5 4 3 2 1
33 34 35 36 37 38 39 40 41 42 43 44 45 46 47 48 1 2 3 4 5 6 7 8 9 10 11 12 13 14 15 16 17 18 19 20 21 22 23 24 25 26 27 28 29 30 31 32 65 66 67 68 69 70 71 72 73 74 75 76 77 78 79 80 49 50 51 52 53 54 55 56 57 58 59 60 61 62 63 64
34 33 36 35 38 37 40 39 42 41 44 43 46 45 48 47 2 1 4 3 6 5 8 7 10 9 12 11 14 13 16 15 18 17 20 19 22 21 24 23 26 25 28 27 30 29 32 31 66 65 68 67 70 69 72 71 74 73 76 75 78 77 80 79 50 49 52 51 54 53 56 55 58 57 60 59 62 61 64 63
35 36 33 34 39 40 37 38 43 44 41 42 47 48 45 46 3 4 1 2 7 8 5 6 11 12 9 10 15 16 13 14 19 20 17 18 23 24 21 22 27 28 25 26 31 32 29 30 67 68 65 66 71 72 69 70 75 76 73 74 79 80 77 78 51 52 49 50 55 56 53 54 59 60 57 58 63 64 61 62
36 35 34 33 40 39 38 37 44 43 42 41 48 47 46 45 4 3 2 1 8 7 6 5 12 11 10 9 16 15 14 13 20 19 18 17 24 23 22 21 28 27 26 25 32 31 30 29 68 67 66 65 72 71 70 69 76 75 74 73 80 79 78 77 52 51 50 49 56 55 54 53 60 59 58 57 64 63 62 61
37 38 39 40 33 34 35 36 45 46 47 48 41 42 43 44 5 6 7 8 1 2 3 4 13 14 15 16 9 10 11 12 21 22 23 24 17 18 19 20 29 30 31 32 25 26 27 28 69 70 71 72 65 66 67 68 77 78 79 80 73 74 75 76 53 54 55 56 49 50 51 52 61 62 63 64 57 58 59 60
38 37 40 39 34 33 36 35 46 45 48 47 42 41 44 43 6 5 8 7 2 1 4 3 14 13 16 15 10 9 12 11 22 21 24 23 18 17 20 19 30 29 32 31 26 25 28 27 70 69 72 71 66 65 68 67 78 77 80 79 74 73 76 75 54 53 56 55 50 49 52 51 62 61 64 63 58 57 60 59
39 40 37 38 35 36 33 34 47 48 45 46 43 44 41 42 7 8 5 6 3 4 1 2 15 16 13 14 11 12 9 10 23 24 21 22 19 20 17 18 31 32 29 30 27 28 25 26 71 72 69 70 67 68 65 66 79 80 77 78 75 76 73 74 55 56 53 54 51 52 49 50 63 64 61 62 59 60 57 58
40 39 38 37 36 35 34 33 48 47 46 45 44 43 42 41 8 7 6 5 4 3 2 1 16 15 14 13 12 11 10 9 24 23 22 21 20 19 18 17 32 31 30 29 28 27 26 25 72 71 70 69 68 67 66 65 80 79 78 77 76 75 74 73 56 55 54 53 52 51 50 49 64 63 62 61 60 59 58 57
41 42 43 44 45 46 47 48 33 34 35 36 37 38 39 40 9 10 11 12 13 14 15 16 1 2 3 4 5 6 7 8 25 26 27 28 29 30 31 32 17 18 19 20 21 22 23 24 73 74 75 76 77 78 79 80 65 66 67 68 69 70 71 72 57 58 59 60 61 62 63 64 49 50 51 52 53 54 55 56
42 41 44 43 46 45 48 47 34 33 36 35 38 37 40 39 10 9 12 11 14 13 16 15 2 1 4 3 6 5 8 7 26 25 28 27 30 29 32 31 18 17 20 19 22 21 24 23 74 73 76 75 78 77 80 79 66 65 68 67 70 69 72 71 58 57 60 59 62 61 64 63 50 49 52 51 54 53 56 55
43 44 41 42 47 48 45 46 35 36 33 34 39 40 37 38 11 12 9 10 15 16 13 14 3 4 1 2 7 8 5 6 27 28 25 26 31 32 29 30 19 20 17 18 23 24 21 22 75 76 73 74 79 80 77 78 67 68 65 66 71 72 69 70 59 60 57 58 63 64 61 62 51 52 49 50 55 56 53 54
44 43 42 41 48 47 46 45 36 35 34 33 40 39 38 37 12 11 10 9 16 15 14 13 4 3 2 1 8 7 6 5 28 27 26 25 32 31 30 29 20 19 18 17 24 23 22 21 76 75 74 73 80 79 78 77 68 67 66 65 72 71 70 69 60 59 58 57 64 63 62 61 52 51 50 49 56 55 54 53
45 46 47 48 41 42 43 44 37 38 39 40 33 34 35 36 13 14 15 16 9 10 11 12 5 6 7 8 1 2 3 4 29 30 31 32 25 26 27 28 21 22 23 24 17 18 19 20 77 78 79 80 73 74 75 76 69 70 71 72 65 66 67 68 61 62 63 64 57 58 59 60 53 54 55 56 49 50 51 52
46 45 48 47 42 41 44 43 38 37 40 39 34 33 36 35 14 13 16 15 10 9 12 11 6 5 8 7 2 1 4 3 30 29 32 31 26 25 28 27 22 21 24 23 18 17 20 19 78 77 80 79 74 73 76 75 70 69 72 71 66 65 68 67 62 61 64 63 58 57 60 59 54 53 56 55 50 49 52 51
47 48 45 46 43 44 41 42 39 40 37 38 35 36 33 34 15 16 13 14 11 12 9 10 7 8 5 6 3 4 1 2 31 32 29 30 27 28 25 26 23 24 21 22 19 20 17 18 79 80 77 78 75 76 73 74 71 72 69 70 67 68 65 66 63 64 61 62 59 60 57 58 55 56 53 54 51 52 49 50
48 47 46 45 44 43 42 41 40 39 38 37 36 35 34 33 16 15 14 13 12 11 10 9 8 7 6 5 4 3 2 1 32 31 30 29 28 27 26 25 24 23 22 21 20 19 18 17 80 79 78 77 76 75 74 73 72 71 70 69 68 67 66 65 64 63 62 61 60 59 58 57 56 55 54 53 52 51 50 49
49 50 51 52 53 54 55 56 57 58 59 60 61 62 63 64 33 34 35 36 37 38 39 40 41 42 43 44 45 46 47 48 65 66 67 68 69 70 71 72 73 74 75 76 77 78 79 80 1 2 3 4 5 6 7 8 9 10 11 12 13 14 15 16 17 18 19 20 21 22 23 24 25 26 27 28 29 30 31 32
50 49 52 51 54 53 56 55 58 57 60 59 62 61 64 63 34 33 36 35 38 37 40 39 42 41 44 43 46 45 48 47 66 65 68 67 70 69 72 71 74 73 76 75 78 77 80 79 2 1 4 3 6 5 8 7 10 9 12 11 14 13 16 15 18 17 20 19 22 21 24 23 26 25 28 27 30 29 32 31
51 52 49 50 55 56 53 54 59 60 57 58 63 64 61 62 35 36 33 34 39 40 37 38 43 44 41 42 47 48 45 46 67 68 65 66 71 72 69 70 75 76 73 74 79 80 77 78 3 4 1 2 7 8 5 6 11 12 9 10 15 16 13 14 19 20 17 18 23 24 21 22 27 28 25 26 31 32 29 30
52 51 50 49 56 55 54 53 60 59 58 57 64 63 62 61 36 35 34 33 40 39 38 37 44 43 42 41 48 47 46 45 68 67 66 65 72 71 70 69 76 75 74 73 80 79 78 77 4 3 2 1 8 7 6 5 12 11 10 9 16 15 14 13 20 19 18 17 24 23 22 21 28 27 26 25 32 31 30 29
53 54 55 56 49 50 51 52 61 62 63 64 57 58 59 60 37 38 39 40 33 34 35 36 45 46 47 48 41 42 43 44 69 70 71 72 65 66 67 68 77 78 79 80 73 74 75 76 5 6 7 8 1 2 3 4 13 14 15 16 9 10 11 12 21 22 23 24 17 18 19 20 29 30 31 32 25 26 27 28
54 53 56 55 50 49 52 51 62 61 64 63 58 57 60 59 38 37 40 39 34 33 36 35 46 45 48 47 42 41 44 43 70 69 72 71 66 65 68 67 78 77 80 79 74 73 76 75 6 5 8 7 2 1 4 3 14 13 16 15 10 9 12 11 22 21 24 23 18 17 20 19 30 29 32 31 26 25 28 27
55 56 53 54 51 52 49 50 63 64 61 62 59 60 57 58 39 40 37 38 35 36 33 34 47 48 45 46 43 44 41 42 71 72 69 70 67 68 65 66 79 80 77 78 75 76 73 74 7 8 5 6 3 4 1 2 15 16 13 14 11 12 9 10 23 24 21 22 19 20 17 18 31 32 29 30 27 28 25 26
56 55 54 53 52 51 50 49 64 63 62 61 60 59 58 57 40 39 38 37 36 35 34 33 48 47 46 45 44 43 42 41 72 71 70 69 68 67 66 65 80 79 78 77 76 75 74 73 8 7 6 5 4 3 2 1 16 15 14 13 12 11 10 9 24 23 22 21 20 19 18 17 32 31 30 29 28 27 26 25
57 58 59 60 61 62 63 64 49 50 51 52 53 54 55 56 41 42 43 44 45 46 47 48 33 34 35 36 37 38 39 40 73 74 75 76 77 78 79 80 65 66 67 68 69 70 71 72 9 10 11 12 13 14 15 16 1 2 3 4 5 6 7 8 25 26 27 28 29 30 31 32 17 18 19 20 21 22 23 24
58 57 60 59 62 61 64 63 50 49 52 51 54 53 56 55 42 41 44 43 46 45 48 47 34 33 36 35 38 37 40 39 74 73 76 75 78 77 80 79 66 65 68 67 70 69 72 71 10 9 12 11 14 13 16 15 2 1 4 3 6 5 8 7 26 25 28 27 30 29 32 31 18 17 20 19 22 21 24 23
59 60 57 58 63 64 61 62 51 52 49 50 55 56 53 54 43 44 41 42 47 48 45 46 35 36 33 34 39 40 37 38 75 76 73 74 79 80 77 78 67 68 65 66 71 72 69 70 11 12 9 10 15 16 13 14 3 4 1 2 7 8 5 6 27 28 25 26 31 32 29 30 19 20 17 18 23 24 21 22
60 59 58 57 64 63 62 61 52 51 50 49 56 55 54 53 44 43 42 41 48 47 46 45 36 35 34 33 40 39 38 37 76 75 74 73 80 79 78 77 68 67 66 65 72 71 70 69 12 11 10 9 16 15 14 13 4 3 2 1 8 7 6 5 28 27 26 25 32 31 30 29 20 19 18 17 24 23 22 21
61 62 63 64 57 58 59 60 53 54 55 56 49 50 51 52 45 46 47 48 41 42 43 44 37 38 39 40 33 34 35 36 77 78 79 80 73 74 75 76 69 70 71 72 65 66 67 68 13 14 15 16 9 10 11 12 5 6 7 8 1 2 3 4 29 30 31 32 25 26 27 28 21 22 23 24 17 18 19 20
62 61 64 63 58 57 60 59 54 53 56 55 50 49 52 51 46 45 48 47 42 41 44 43 38 37 40 39 34 33 36 35 78 77 80 79 74 73 76 75 70 69 72 71 66 65 68 67 14 13 16 15 10 9 12 11 6 5 8 7 2 1 4 3 30 29 32 31 26 25 28 27 22 21 24 23 18 17 20 19
63 64 61 62 59 60 57 58 55 56 53 54 51 52 49 50 47 48 45 46 43 44 41 42 39 40 37 38 35 36 33 34 79 80 77 78 75 76 73 74 71 72 69 70 67 68 65 66 15 16 13 14 11 12 9 10 7 8 5 6 3 4 1 2 31 32 29 30 27 28 25 26 23 24 21 22 19 20 17 18
64 63 62 61 60 59 58 57 56 55 54 53 52 51 50 49 48 47 46 45 44 43 42 41 40 39 38 37 36 35 34 33 80 79 78 77 76 75 74 73 72 71 70 69 68 67 66 65 16 15 14 13 12 11 10 9 8 7 6 5 4 3 2 1 32 31 30 29 28 27 26 25 24 23 22 21 20 19 18 17
65 66 67 68 69 70 71 72 73 74 75 76 77 78 79 80 49 50 51 52 53 54 55 56 57 58 59 60 61 62 63 64 1 2 3 4 5 6 7 8 9 10 11 12 13 14 15 16 17 18 19 20 21 22 23 24 25 26 27 28 29 30 31 32 33 34 35 36 37 38 39 40 41 42 43 44 45 46 47 48
66 65 68 67 70 69 72 71 74 73 76 75 78 77 80 79 50 49 52 51 54 53 56 55 58 57 60 59 62 61 64 63 2 1 4 3 6 5 8 7 10 9 12 11 14 13 16 15 18 17 20 19 22 21 24 23 26 25 28 27 30 29 32 31 34 33 36 35 38 37 40 39 42 41 44 43 46 45 48 47
67 68 65 66 71 72 69 70 75 76 73 74 79 80 77 78 51 52 49 50 55 56 53 54 59 60 57 58 63 64 61 62 3 4 1 2 7 8 5 6 11 12 9 10 15 16 13 14 19 20 17 18 23 24 21 22 27 28 25 26 31 32 29 30 35 36 33 34 39 40 37 38 43 44 41 42 47 48 45 46
68 67 66 65 72 71 70 69 76 75 74 73 80 79 78 77 52 51 50 49 56 55 54 53 60 59 58 57 64 63 62 61 4 3 2 1 8 7 6 5 12 11 10 9 16 15 14 13 20 19 18 17 24 23 22 21 28 27 26 25 32 31 30 29 36 35 34 33 40 39 38 37 44 43 42 41 48 47 46 45
69 70 71 72 65 66 67 68 77 78 79 80 73 74 75 76 53 54 55 56 49 50 51 52 61 62 63 64 57 58 59 60 5 6 7 8 1 2 3 4 13 14 15 16 9 10 11 12 21 22 23 24 17 18 19 20 29 30 31 32 25 26 27 28 37 38 39 40 33 34 35 36 45 46 47 48 41 42 43 44
70 69 72 71 66 65 68 67 78 77 80 79 74 73 76 75 54 53 56 55 50 49 52 51 62 61 64 63 58 57 60 59 6 5 8 7 2 1 4 3 14 13 16 15 10 9 12 11 22 21 24 23 18 17 20 19 30 29 32 31 26 25 28 27 38 37 40 39 34 33 36 35 46 45 48 47 42 41 44 43
71 72 69 70 67 68 65 66 79 80 77 78 75 76 73 74 55 56 53 54 51 52 49 50 63 64 61 62 59 60 57 58 7 8 5 6 3 4 1 2 15 16 13 14 11 12 9 10 23 24 21 22 19 20 17 18 31 32 29 30 27 28 25 26 39 40 37 38 35 36 33 34 47 48 45 46 43 44 41 42
72 71 70 69 68 67 66 65 80 79 78 77 76 75 74 73 56 55 54 53 52 51 50 49 64 63 62 61 60 59 58 57 8 7 6 5 4 3 2 1 16 15 14 13 12 11 10 9 24 23 22 21 20 19 18 17 32 31 30 29 28 27 26 25 40 39 38 37 36 35 34 33 48 47 46 45 44 43 42 41
73 74 75 76 77 78 79 80 65 66 67 68 69 70 71 72 57 58 59 60 61 62 63 64 49 50 51 52 53 54 55 56 9 10 11 12 13 14 15 16 1 2 3 4 5 6 7 8 25 26 27 28 29 30 31 32 17 18 19 20 21 22 23 24 41 42 43 44 45 46 47 48 33 34 35 36 37 38 39 40
74 73 76 75 78 77 80 79 66 65 68 67 70 69 72 71 58 57 60 59 62 61 64 63 50 49 52 51 54 53 56 55 10 9 12 11 14 13 16 15 2 1 4 3 6 5 8 7 26 25 28 27 30 29 32 31 18 17 20 19 22 21 24 23 42 41 44 43 46 45 48 47 34 33 36 35 38 37 40 39
75 76 73 74 79 80 77 78 67 68 65 66 71 72 69 70 59 60 57 58 63 64 61 62 51 52 49 50 55 56 53 54 11 12 9 10 15 16 13 14 3 4 1 2 7 8 5 6 27 28 25 26 31 32 29 30 19 20 17 18 23 24 21 22 43 44 41 42 47 48 45 46 35 36 33 34 39 40 37 38
76 75 74 73 80 79 78 77 68 67 66 65 72 71 70 69 60 59 58 57 64 63 62 61 52 51 50 49 56 55 54 53 12 11 10 9 16 15 14 13 4 3 2 1 8 7 6 5 28 27 26 25 32 31 30 29 20 19 18 17 24 23 22 21 44 43 42 41 48 47 46 45 36 35 34 33 40 39 38 37
77 78 79 80 73 74 75 76 69 70 71 72 65 66 67 68 61 62 63 64 57 58 59 60 53 54 55 56 49 50 51 52 13 14 15 16 9 10 11 12 5 6 7 8 1 2 3 4 29 30 31 32 25 26 27 28 21 22 23 24 17 18 19 20 45 46 47 48 41 42 43 44 37 38 39 40 33 34 35 36
78 77 80 79 74 73 76 75 70 69 72 71 66 65 68 67 62 61 64 63 58 57 60 59 54 53 56 55 50 49 52 51 14 13 16 15 10 9 12 11 6 5 8 7 2 1 4 3 30 29 32 31 26 25 28 27 22 21 24 23 18 17 20 19 46 45 48 47 42 41 44 43 38 37 40 39 34 33 36 35
79 80 77 78 75 76 73 74 71 72 69 70 67 68 65 66 63 64 61 62 59 60 57 58 55 56 53 54 51 52 49 50 15 16 13 14 11 12 9 10 7 8 5 6 3 4 1 2 31 32 29 30 27 28 25 26 23 24 21 22 19 20 17 18 47 48 45 46 43 44 41 42 39 40 37 38 35 36 33 34
80 79 78 77 76 75 74 73 72 71 70 69 68 67 66 65 64 63 62 61 60 59 58 57 56 55 54 53 52 51 50 49 16 15 14 13 12 11 10 9 8 7 6 5 4 3 2 1 32 31 30 29 28 27 26 25 24 23 22 21 20 19 18 17 48 47 46 45 44 43 42 41 40 39 38 37 36 35 34 33
20
3 4 2 6 5 7 8 10 1 12 9 27 11 31 13 21 15 16 32 23 34 17 30 36 18 45 20 51 14 19 54 56 33 22 60 24 39 25 26 46 28 48 35 52 57 29 68 61 38 40 70 37 65 41 72 49 50 71 73 75 42 53 74 55 43 58 64 66 44 78 47 59 67 62 76 80 63 69 79 77
4 3 5 7 2 6 10 8 9 15 1 31 14 27 21 13 12 17 34 30 32 16 23 45 20 36 18 54 11 24 51 60 39 25 56 19 33 22 35 48 29 46 26 57 52 28 70 65 40 38 68 41 61 37 75 50 49 73 71 72 43 55 78 53 42 64 58 67 47 74 44 62 66 59 80 76 77 79 69 63
6 7 8 3 10 4 2 5 11 16 14 32 1 34 23 30 17 12 27 13 31 15 21 51 22 54 25 36 9 28 45 68 46 18 70 29 48 20 38 33 19 39 40 61 65 24 56 52 26 35 60 49 57 50 76 37 41 74 78 80 44 58 71 64 47 53 55 69 42 73 43 63 79 77 72 75 59 66 67 62
7 6 10 4 8 3 5 2 14 17 11 34 9 32 30 23 16 15 31 21 27 12 13 54 25 51 22 45 1 29 36 70 48 20 68 28 46 18 40 39 24 33 38 65 61 19 60 57 35 26 56 50 52 49 80 41 37 78 74 76 47 64 73 58 44 55 53 79 43 71 42 77 69 63 75 72 62 67 66 59
13 21 27 23 31 30 32 34 19 18 24 72 28 75 71 73 20 22 76 74 80 25 78 56 59 60 62 68 29 66 70 36 52 63 45 67 57 77 42 61 69 65 43 33 39 79 51 46 44 47 54 53 48 55 2 58 64 3 4 5 26 37 6 41 35 49 50 1 38 7 40 12 9 15 8 10 16 11 14 17
21 13 31 30 27 23 34 32 24 20 19 75 29 72 73 71 18 25 80 78 76 22 74 60 62 56 59 70 28 67 68 45 57 77 36 66 52 63 43 65 79 61 42 39 33 69 54 48 47 44 51 55 46 53 5 64 58 4 3 2 35 41 7 37 26 50 49 9 40 6 38 15 1 12 10 8 17 14 11 16
23 30 32 13 34 21 27 31 28 22 29 76 19 80 74 78 25 18 72 71 75 20 73 68 63 70 77 56 24 69 60 51 61 59 54 79 65 62 44 52 66 57 47 46 48 67 36 33 42 43 45 58 39 64 8 53 55 6 7 10 38 49 3 50 40 37 41 11 26 4 35 16 14 17 2 5 12 1 9 15
30 23 34 21 32 13 31 27 29 25 28 80 24 76 78 74 22 20 75 73 72 18 71 70 77 68 63 60 19 79 56 54 65 62 51 69 61 59 47 57 67 52 44 48 46 66 45 39 43 42 36 64 33 58 10 55 53 7 6 8 40 50 4 49 38 41 37 14 35 3 26 17 11 16 5 2 15 9 1 12
33 39 36 46 45 48 51 54 37 26 41 2 49 5 3 4 35 38 8 6 10 40 7 27 12 31 15 32 50 1 34 72 13 16 75 9 21 17 18 23 11 30 20 71 73 14 76 74 22 25 80 19 78 24 56 28 29 52 57 60 59 66 61 67 62 69 79 53 63 65 77 42 55 43 68 70 44 58 64 47
39 33 45 48 36 46 54 51 41 35 37 5 50 2 4 3 26 40 10 7 8 38 6 31 15 27 12 34 49 9 32 75 21 17 72 1 13 16 20 30 14 23 18 73 71 11 80 78 25 22 76 24 74 19 60 29 28 57 52 56 62 67 65 66 59 79 69 55 77 61 63 43 53 42 70 68 47 64 58 44
46 48 51 33 54 39 36 45 49 38 50 8 37 10 6 7 40 26 2 3 5 35 4 32 16 34 17 27 41 11 31 76 23 12 80 14 30 15 22 13 1 21 25 74 78 9 72 71 18 20 75 28 73 29 68 19 24 61 65 70 63 69 52 79 77 66 67 58 59 57 62 44 64 47 56 60 42 53 55 43
48 46 54 39 51 33 45 36 50 40 49 10 41 8 7 6 38 35 5 4 2 26 3 34 17 32 16 31 37 14 27 80 30 15 76 11 23 12 25 21 9 13 22 78 74 1 75 73 20 18 72 29 71 28 70 24 19 65 61 68 77 79 57 69 63 67 66 64 62 52 59 47 58 44 60 56 43 55 53 42
52 57 56 61 60 65 68 70 53 42 55 36 58 45 33 39 43 44 51 46 54 47 48 72 26 75 35 76 64 37 80 2 71 38 5 41 73 40 59 74 49 78 62 3 4 50 8 6 63 77 10 66 7 67 27 69 79 13 21 31 12 1 23 9 15 11 14 19 16 30 17 18 24 20 32 34 22 28 29 25
57 52 60 65 56 61 70 68 55 43 53 45 64 36 39 33 42 47 54 48 51 44 46 75 35 72 26 80 58 41 76 5 73 40 2 37 71 38 62 78 50 74 59 4 3 49 10 7 77 63 8 67 6 66 31 79 69 21 13 27 15 9 30 1 12 14 11 24 17 23 16 20 19 18 34 32 25 29 28 22
61 65 68 52 70 57 56 60 58 44 64 51 53 54 46 48 47 42 36 33 45 43 39 76 38 80 40 72 55 49 75 8 74 26 10 50 78 35 63 71 37 73 77 6 7 41 2 3 59 62 5 69 4 79 32 66 67 23 30 34 16 11 13 14 17 1 9 28 12 21 15 22 29 25 27 31 18 19 24 20
65 61 70 57 68 52 60 56 64 47 58 54 55 51 48 46 44 43 45 39 36 42 33 80 40 76 38 75 53 50 72 10 78 35 8 49 74 26 77 73 41 71 63 7 6 37 5 4 62 59 2 79 3 69 34 67 66 30 23 32 17 14 21 11 16 9 1 29 15 13 12 25 28 22 31 27 20 24 19 18
71 73 72 74 75 78 76 80 66 59 67 56 69 60 52 57 62 63 68 61 70 77 65 2 42 5 43 8 79 53 10 27 3 44 31 55 4 47 12 6 58 7 15 13 21 64 32 23 16 17 34 1 30 9 36 11 14 33 39 45 18 19 46 24 20 28 29 37 22 48 25 26 41 35 51 54 38 49 50 40
73 71 75 78 72 74 80 76 67 62 66 60 79 56 57 52 59 77 70 65 68 63 61 5 43 2 42 10 69 55 8 31 4 47 27 53 3 44 15 7 64 6 12 21 13 58 34 30 17 16 32 9 23 1 45 14 11 39 33 36 20 24 48 19 18 29 28 41 25 46 22 35 37 26 54 51 40 50 49 38
74 78 76 71 80 73 72 75 69 63 79 68 66 70 61 65 77 59 56 52 60 62 57 8 44 10 47 2 67 58 5 32 6 42 34 64 7 43 16 3 53 4 17 23 30 55 27 13 12 15 31 11 21 14 51 1 9 46 48 54 22 28 33 29 25 19 24 49 18 39 20 38 50 40 36 45 26 37 41 35
78 74 80 73 76 71 75 72 79 77 69 70 67 68 65 61 63 62 60 57 56 59 52 10 47 8 44 5 66 64 2 34 7 43 32 58 6 42 17 4 55 3 16 30 23 53 31 21 15 12 27 14 13 11 54 9 1 48 46 51 25 29 39 28 22 24 19 50 20 33 18 40 49 38 45 36 35 41 37 26
6
2 3 7 4 1 6 8 5 9 10 13 12 11
3 2 8 5 6 1 7 4 12 11 9 13 10
7 8 10 6 5 13 11 12 1 2 4 9 3
8 7 11 9 12 4 10 13 5 3 6 1 2
10 11 2 12 13 9 3 1 6 7 5 4 8
11 10 3 13 9 12 2 6 4 8 1 5 7
1
11 10 7 3 4 5 1 12 9 2 6 8 13
3
1 2 3
2 3 1
3 1 2
4
3 1 5 2 6 4 7 8 9
5 4 3 1 2 9 8 7 6
7 6 8 4 9 1 3 5 2
8 9 7 6 1 2 5 3 4
1
3 12 7 2 6 4 10 11 5 9 1 13 8
0
2
1 2
2 1
4
1 2 3 4
2 1 4 3
3 4 1 2
4 3 2 1
2
1 2
2 1
3
7 4 3 8 13 9 2 14 10 11 1 6 5 12
10 7 5 9 4 14 11 8 13 12 3 1 6 2
13 10 6 14 7 8 12 9 4 2 5 3 1 11
3
1 2 3
2 3 1
3 1 2
5
5 1 2 4 3 6 7 10 11 8 12 9
7 2 9 5 4 8 10 11 12 6 3 1
10 6 1 7 5 2 3 12 4 9 11 8
12 8 6 10 7 9 11 3 5 1 4 2
11 9 8 12 10 1 5 4 3 2 7 6
1
6 9 3 5 4 2 8 1 7 10
5
2 3 4 1 5 6 7 8 9 10 11 12 13
6 13 5 8 1 3 4 7 10 9 12 11 2
7 2 6 5 3 1 8 9 4 11 10 13 12
12 4 7 6 2 5 10 11 8 13 1 9 3
8 5 13 2 4 7 6 3 11 12 9 10 1
3
18 3 8 5 17 1 7 10 2 15 9 13 6 12 11 16 14 4
13 8 15 9 6 14 17 12 4 3 7 1 5 11 10 18 2 16
16 15 12 8 14 5 9 7 10 13 11 6 1 4 18 17 3 2
8
1 2 3 4 5 6 7 8
2 1 4 3 6 5 8 7
3 4 1 2 7 8 5 6
4 3 2 1 8 7 6 5
5 6 7 8 1 2 3 4
6 5 8 7 2 1 4 3
7 8 5 6 3 4 1 2
8 7 6 5 4 3 2 1
0
79
80 2 3 4 5 6 7 8 9 10 11 12 13 14 15 16 17 18 19 20 21 22 23 24 25 26 27 28 29 30 31 32 33 34 35 36 37 38 39 40 41 42 43 44 45 46 47 48 49 50 51 52 53 54 55 56 57 58 59 60 61 62 63 64 65 66 67 68 69 70 71 72 73 74 75 76 77 78 79 1
1 3 4 80 6 5 8 7 10 9 12 11 14 13 17 15 16 19 18 21 20 23 22 25 24 27 26 29 28 31 30 33 32 35 34 37 36 39 38 41 40 43 42 45 44 47 46 49 48 51 50 53 52 55 54 57 56 59 58 61 60 63 62 65 64 67 66 69 68 71 70 73 72 75 74 77 76 79 78 2
2 1 5 3 4 7 6 9 8 11 10 13 12 15 14 17 18 16 21 19 22 20 24 23 26 25 28 27 30 29 32 31 34 33 36 35 38 37 40 39 42 41 44 43 46 45 48 47 50 49 52 51 54 53 56 55 58 57 60 59 62 61 64 63 66 65 68 67 70 69 72 71 74 73 76 75 78 77 80 79
79 4 1 2 7 8 5 6 11 12 9 10 15 16 13 14 19 17 22 18 23 24 20 21 27 28 25 26 31 32 29 30 35 36 33 34 39 40 37 38 43 44 41 46 42 48 45 50 47 52 49 54 51 56 53 58 55 60 57 62 59 64 61 66 63 68 65 70 67 72 69 74 71 76 73 78 75 80 77 3
3 5 6 1 2 80 9 10 7 8 13 14 11 12 18 19 15 20 16 17 24 25 21 22 23 29 30 31 26 27 28 34 36 32 37 33 35 41 42 43 38 39 40 47 48 44 49 45 46 53 54 50 55 51 52 59 60 56 61 57 58 65 66 62 67 63 64 71 72 68 73 69 70 77 78 74 79 75 76 4
4 6 7 5 79 2 80 12 13 14 8 9 10 11 19 18 20 15 17 16 25 26 27 28 21 22 23 24 32 33 34 29 30 31 38 39 40 35 41 36 37 45 46 48 43 42 44 51 52 47 53 49 50 57 58 54 59 55 56 63 64 60 65 61 62 69 70 66 71 67 68 75 76 72 77 73 74 1 3 78
5 7 8 6 78 3 2 4 12 13 14 15 9 10 11 20 21 22 23 24 16 17 18 19 28 30 29 25 27 26 33 35 31 37 32 38 34 36 43 42 39 40 45 41 47 49 50 44 51 46 48 55 56 52 57 53 54 61 62 58 63 59 60 67 68 64 69 65 66 73 74 70 75 71 72 79 80 76 1 77
6 8 9 7 1 4 3 78 79 15 16 17 18 19 10 11 12 13 14 22 26 27 25 20 29 21 24 23 33 28 35 36 37 30 31 32 41 34 44 45 46 38 39 40 49 43 42 52 53 48 47 56 57 50 51 60 61 54 55 64 65 58 59 68 69 62 63 72 73 66 67 76 77 70 71 80 2 74 75 5
7 9 10 8 3 1 4 80 5 6 15 16 17 18 12 13 11 14 24 23 19 28 26 27 20 31 21 22 25 34 36 37 29 38 30 40 32 33 35 44 45 46 47 39 41 50 43 42 54 55 56 48 49 58 59 51 52 53 63 65 57 66 67 60 61 70 62 64 74 75 77 68 69 78 79 71 72 73 2 76
8 10 11 9 12 13 76 77 3 4 5 6 7 17 20 21 14 23 15 25 18 16 19 26 22 24 31 30 34 35 27 28 38 29 39 41 33 32 45 37 36 47 48 49 40 51 52 43 42 44 46 57 58 59 50 61 53 62 54 55 56 67 68 69 60 71 72 63 64 65 66 78 79 80 70 1 73 2 74 75
9 11 12 10 13 14 77 2 78 3 6 79 8 7 21 22 23 24 25 15 17 18 16 29 19 20 32 33 35 36 26 27 28 39 40 30 31 42 34 46 44 37 38 50 51 41 53 54 43 45 55 47 48 49 60 52 62 63 64 56 66 57 58 59 70 61 71 73 65 76 75 67 68 69 80 72 1 4 5 74
10 12 13 11 9 15 1 76 2 78 79 7 80 8 22 23 24 21 26 14 27 19 17 16 18 32 20 34 36 25 37 38 39 28 29 31 30 43 33 35 47 48 49 51 50 40 41 46 44 42 45 58 59 60 61 62 63 64 52 53 54 55 56 57 71 72 73 74 75 77 65 66 67 68 69 70 3 5 4 6
11 13 14 12 10 9 15 74 77 75 76 5 6 20 7 8 22 25 27 26 28 29 30 17 16 18 19 21 23 24 38 39 40 41 42 43 44 31 32 33 34 35 36 37 52 53 51 55 45 54 57 46 47 48 49 50 64 65 66 67 68 56 69 58 59 60 61 62 63 78 79 80 1 2 3 4 70 71 72 73
12 14 15 16 11 10 13 1 4 2 77 80 5 76 9 78 25 26 28 27 29 30 31 18 17 19 22 20 21 23 24 40 41 42 43 44 45 46 47 32 33 34 35 36 37 38 39 53 55 56 58 59 60 61 48 49 50 51 65 52 67 54 57 70 72 73 74 75 62 63 64 79 66 3 68 69 71 6 7 8
13 15 16 14 17 11 10 3 1 5 75 4 19 6 8 79 9 12 29 28 30 31 33 32 34 23 18 35 20 21 22 24 25 26 27 42 43 44 46 47 49 36 37 38 39 52 40 41 56 57 59 45 61 62 63 48 51 50 53 54 55 68 70 71 58 74 60 76 77 64 78 65 80 66 67 2 69 72 73 7
15 16 17 18 14 12 11 5 6 73 74 3 75 9 23 76 77 10 13 29 31 32 28 30 33 34 35 19 22 20 21 25 24 27 26 45 42 47 48 49 50 51 52 53 36 37 38 39 40 41 43 44 46 63 62 64 65 66 67 69 70 71 54 55 56 57 58 59 60 61 80 1 78 79 2 68 4 7 8 72
16 17 18 15 19 20 12 13 14 74 2 8 77 75 78 80 7 79 10 11 32 33 29 31 30 35 34 36 24 22 23 21 26 40 25 27 28 45 49 48 51 50 53 52 38 54 37 56 39 43 41 42 44 46 47 63 66 67 68 70 69 72 55 73 57 58 59 60 76 62 61 64 65 1 4 3 5 9 6 71
17 18 19 20 15 16 14 21 22 76 3 2 4 74 6 7 79 77 11 80 12 13 34 33 31 36 37 32 38 39 25 23 27 24 28 26 29 30 50 51 35 49 54 55 53 56 57 40 41 58 42 43 45 44 46 65 47 48 69 66 52 70 71 72 73 59 75 61 78 60 62 63 64 67 1 5 68 8 9 10
18 19 20 17 16 21 22 14 15 1 4 23 2 3 5 71 8 7 73 10 11 12 13 34 32 33 36 37 39 38 40 26 42 43 24 25 27 28 29 30 31 52 50 35 54 55 56 57 58 59 44 41 62 45 64 46 48 47 49 51 53 69 72 74 75 76 77 78 79 80 60 61 63 65 66 67 6 68 70 9
19 20 21 22 18 17 16 15 23 80 71 24 73 72 4 5 78 8 9 12 10 11 14 13 35 37 33 38 40 41 39 42 43 44 45 28 25 26 27 29 30 31 32 34 55 36 54 58 57 60 61 62 63 47 65 66 46 49 48 50 51 52 53 56 74 75 76 77 59 79 1 2 3 64 6 7 67 69 68 70
20 21 22 19 23 18 17 16 24 77 72 25 74 73 26 75 76 78 8 9 13 10 79 12 14 15 38 39 37 40 41 43 44 45 46 29 47 27 28 31 32 30 33 54 34 35 36 59 60 61 62 63 42 64 66 67 49 68 50 48 71 51 52 53 55 56 57 58 80 1 2 3 4 5 65 6 7 70 69 11
21 22 23 24 20 19 18 17 16 7 1 26 3 78 25 72 74 6 80 75 9 14 76 79 13 38 15 41 42 37 43 44 45 46 47 48 49 29 30 28 27 32 31 33 35 34 55 36 59 39 40 60 64 65 67 68 69 70 51 71 50 53 73 52 54 77 56 57 58 2 63 62 61 4 5 66 8 10 11 12
22 23 24 21 25 26 19 18 17 16 7 1 20 2 3 77 5 76 6 8 14 15 80 78 12 79 39 42 41 43 44 45 46 47 48 49 50 51 31 34 28 27 29 30 32 33 35 37 36 38 60 40 65 66 68 69 67 71 70 72 73 74 75 54 52 53 55 56 57 58 59 4 62 61 63 64 9 11 10 13
23 24 25 26 21 22 20 19 18 17 27 28 79 4 2 3 6 5 7 13 8 9 10 11 15 12 80 16 43 42 45 41 47 48 44 46 51 49 52 50 29 33 30 31 56 32 34 35 37 36 38 39 40 67 69 70 68 72 71 73 74 76 77 75 53 54 78 55 1 57 58 59 60 62 61 63 64 65 66 14
24 25 26 23 22 27 21 20 19 18 17 29 68 71 28 2 3 4 12 6 7 8 9 10 11 13 14 15 16 44 42 46 48 49 41 47 52 50 51 53 54 55 34 32 30 31 33 38 35 37 36 61 39 40 43 45 70 69 72 74 75 73 76 77 79 78 80 1 56 59 57 58 5 60 62 65 63 64 67 66
25 26 27 28 24 23 29 22 20 19 18 21 69 5 30 73 68 70 31 78 71 34 75 9 10 11 12 13 14 15 16 17 49 50 51 52 46 48 53 54 55 56 57 58 33 59 32 60 38 35 37 36 41 39 40 42 43 44 45 47 72 77 74 76 80 79 1 2 3 4 6 7 8 63 64 61 62 66 65 67
26 27 28 25 29 24 23 30 21 20 19 18 67 22 31 70 69 68 71 72 73 35 77 14 74 75 11 12 13 16 15 47 17 51 49 50 48 52 54 55 53 58 56 57 59 60 61 32 33 34 39 37 36 41 38 40 42 43 44 45 46 78 79 80 76 1 2 3 4 5 7 6 9 8 10 62 66 63 64 65
27 28 29 30 26 25 31 23 32 21 20 19 1 24 33 65 66 69 68 71 72 36 70 15 73 74 13 75 76 14 17 16 18 22 50 51 53 54 55 52 56 59 58 60 57 61 62 34 63 40 35 38 37 42 39 41 44 45 43 46 47 48 49 78 77 80 79 4 2 3 5 8 7 6 9 10 11 67 12 64
28 29 30 27 31 32 25 24 33 22 21 20 16 1 34 74 72 67 69 73 70 37 78 35 71 77 17 76 75 80 14 15 19 18 23 53 26 55 56 57 52 54 51 59 58 62 60 61 64 63 65 66 38 36 41 39 40 42 46 43 44 45 47 48 49 50 3 79 5 6 4 9 2 7 8 11 10 12 13 68
29 30 31 32 27 28 26 25 34 23 22 33 21 35 1 4 2 71 70 76 74 38 8 36 75 72 16 73 77 78 18 79 80 17 19 20 24 53 57 56 58 60 55 61 62 63 59 64 65 66 67 68 43 37 42 44 39 40 41 49 45 46 48 47 50 51 52 54 6 7 3 5 10 9 11 12 13 14 15 69
30 31 32 29 28 33 27 26 25 24 23 22 34 21 35 6 1 2 3 4 5 75 72 71 76 73 40 77 74 79 19 18 15 78 80 54 20 56 58 59 57 53 60 62 61 64 63 65 66 67 68 69 70 43 36 37 38 39 42 41 48 44 45 46 47 49 50 51 52 55 8 10 11 12 7 9 14 13 16 17
31 32 33 34 30 29 28 27 35 25 24 36 22 26 37 9 4 1 2 3 6 5 7 72 38 76 41 71 73 74 20 75 78 77 79 80 19 21 23 58 59 61 62 56 60 57 64 63 67 65 66 70 68 69 44 43 45 46 39 40 42 47 50 49 48 52 51 53 54 8 55 11 12 10 13 14 15 16 17 18
32 33 34 31 35 30 36 28 27 26 25 37 23 29 24 10 13 3 1 2 4 6 5 7 77 9 42 11 78 17 46 80 75 76 18 19 21 79 22 60 61 62 59 63 64 58 65 66 68 69 70 67 71 72 73 38 74 41 40 39 43 49 44 45 51 47 48 50 53 52 54 55 56 57 12 8 16 15 14 20
33 34 35 36 32 31 30 29 28 27 26 38 24 25 39 12 10 9 4 1 2 3 6 5 7 8 43 14 11 13 47 19 16 79 77 78 22 80 21 23 60 63 61 64 65 66 58 62 69 68 71 72 67 70 37 73 75 74 76 42 40 41 46 44 45 48 49 52 50 51 53 54 55 56 57 59 17 18 20 15
34 36 37 33 38 35 32 31 29 28 30 27 25 39 40 24 26 11 5 7 1 2 3 4 6 10 8 9 12 18 13 14 20 15 16 17 23 78 59 79 80 64 63 65 66 67 68 70 61 62 69 71 72 73 74 75 76 77 47 44 41 42 43 50 46 45 53 48 49 54 51 52 57 55 56 58 60 19 21 22
35 37 36 38 33 34 39 32 30 29 28 31 26 27 41 25 40 42 43 5 3 1 2 6 4 7 9 8 10 11 12 13 14 80 15 18 17 19 20 21 22 23 24 66 63 65 67 68 62 64 72 74 69 71 70 76 73 75 77 78 49 50 51 79 44 46 45 47 48 53 52 56 54 58 55 57 59 60 61 16
36 38 39 35 34 37 33 40 31 30 29 32 27 28 42 26 41 43 44 45 15 4 62 65 69 5 6 7 8 9 10 11 12 13 14 16 18 17 19 20 21 22 23 24 25 68 66 67 70 71 63 64 73 74 72 77 78 76 75 79 80 1 2 51 3 55 46 49 47 48 50 53 52 54 58 56 57 59 60 61
37 39 38 40 36 41 34 33 42 31 32 30 28 43 27 29 35 44 45 46 47 7 61 62 67 63 69 6 9 8 11 10 13 12 17 14 15 16 18 19 20 21 22 23 24 25 26 71 72 70 64 65 66 68 75 74 77 73 78 76 79 80 1 2 4 3 54 5 51 49 48 50 53 52 59 55 56 57 58 60
38 40 41 37 39 36 35 34 43 32 31 42 29 30 44 27 28 33 46 47 45 48 60 63 62 64 65 70 66 67 68 69 11 14 12 13 16 15 17 18 19 20 21 22 23 24 25 26 71 72 73 75 74 76 77 78 79 80 1 2 3 4 5 6 7 8 9 10 55 50 49 51 58 53 52 54 61 56 57 59
39 41 40 42 37 38 43 35 36 33 34 44 30 31 29 28 27 32 47 48 46 45 63 58 61 60 64 66 62 68 65 67 21 69 13 70 14 18 15 16 17 19 20 25 22 23 24 72 26 73 74 76 75 77 71 79 80 78 2 1 4 3 6 5 8 7 10 9 11 56 12 49 50 51 53 52 54 55 59 57
40 42 43 39 41 44 37 36 38 34 33 35 31 32 45 30 29 27 48 49 50 46 64 60 63 65 61 68 67 69 70 66 22 11 20 12 13 14 16 15 18 17 19 21 26 28 23 24 25 74 75 77 76 78 79 71 72 1 73 80 2 5 3 4 6 9 47 7 8 10 56 57 51 59 54 53 52 58 55 62
41 43 42 44 40 39 38 37 45 35 36 34 32 33 46 31 30 28 49 50 48 47 58 61 57 66 63 69 64 62 67 65 23 16 68 73 54 12 70 14 24 18 17 19 20 21 22 25 27 26 29 78 77 75 76 72 71 79 74 3 1 2 80 7 5 4 6 8 9 11 10 60 59 13 51 15 53 52 56 55
42 44 45 41 43 40 46 38 37 36 35 39 33 34 32 47 31 29 30 51 49 50 57 59 64 61 66 72 63 65 62 68 52 19 67 74 55 70 69 77 71 73 18 20 21 22 27 23 24 25 26 28 78 79 80 1 2 3 4 75 76 6 7 8 9 5 11 12 10 13 14 48 15 16 60 17 58 53 54 56
43 45 44 46 42 47 40 39 41 37 38 48 35 36 49 32 33 30 34 31 51 52 59 57 65 62 68 64 69 61 63 71 50 20 70 72 56 67 66 75 73 74 25 76 19 26 21 22 23 24 27 29 28 80 78 2 1 4 79 77 5 7 8 3 10 6 12 11 13 9 15 14 16 17 18 60 55 54 53 58
44 46 47 43 45 42 41 48 39 38 37 40 36 49 50 33 32 31 35 30 34 51 55 56 58 67 59 65 60 64 8 62 53 21 63 71 57 66 68 72 69 70 26 73 27 74 75 28 76 23 24 25 29 1 2 80 3 5 6 4 77 79 78 9 11 10 7 13 12 14 16 15 17 18 19 20 22 61 52 54
45 47 46 48 44 43 42 41 40 39 49 50 37 38 36 34 51 35 32 33 52 53 65 64 56 55 57 10 70 71 60 59 54 23 66 67 58 68 61 69 74 72 27 75 28 73 76 77 22 29 25 79 26 30 31 3 4 2 80 5 78 8 9 1 12 11 13 6 7 15 17 16 14 19 20 18 21 62 63 24
46 48 49 45 47 51 44 42 50 40 39 41 38 37 43 35 34 36 33 32 53 54 66 67 60 68 55 79 56 57 61 58 65 52 72 69 59 73 71 22 70 75 64 74 31 76 77 21 28 27 78 24 25 26 29 30 5 6 3 7 8 9 4 10 1 2 14 80 15 12 11 13 18 20 16 19 23 17 62 63
47 49 48 50 46 45 51 43 44 41 40 52 39 42 38 36 37 34 53 35 33 55 1 66 3 69 56 74 57 58 71 8 59 54 61 75 60 63 62 80 64 68 65 70 67 72 78 79 73 76 77 26 30 25 28 29 31 32 5 6 7 10 11 12 2 13 4 14 16 17 9 18 19 21 15 22 20 23 24 27
48 50 51 47 49 46 45 44 52 42 41 43 40 53 54 37 36 72 39 34 35 56 4 1 2 3 70 67 58 55 9 60 57 10 59 64 61 62 63 78 65 77 66 69 68 71 73 80 74 75 76 30 79 28 26 32 29 33 7 8 6 11 12 13 14 15 5 16 17 18 19 20 21 22 23 24 25 27 31 38
49 51 50 52 48 53 47 45 46 43 42 54 78 40 55 38 39 37 76 44 56 57 68 2 1 4 3 5 6 7 58 9 63 59 10 61 62 60 64 65 66 71 67 72 69 70 74 73 75 77 79 31 80 29 25 26 28 30 32 33 34 35 13 11 15 12 8 17 14 16 18 19 20 23 21 27 24 22 36 41
50 52 53 49 51 48 54 46 47 44 43 45 41 55 56 39 38 75 72 79 42 58 73 3 5 1 2 4 59 6 7 61 8 57 64 10 63 65 60 66 62 76 68 67 70 69 71 74 77 78 80 32 31 33 30 25 26 28 34 35 9 12 14 15 13 16 18 19 20 21 22 17 23 11 24 29 27 36 37 40
51 53 52 54 50 49 48 47 55 45 44 46 42 41 57 40 43 73 66 74 77 59 11 8 9 2 1 3 4 5 6 7 58 56 62 60 64 72 67 61 63 65 69 68 71 75 70 76 78 79 23 80 24 31 32 28 25 26 35 30 10 34 15 14 16 17 19 18 21 20 13 12 22 27 29 33 36 37 38 39
52 54 55 51 53 56 49 50 48 46 78 47 43 44 58 41 42 38 60 61 76 73 74 68 8 6 4 1 2 3 5 64 7 9 57 63 10 59 65 62 67 66 70 71 72 77 69 75 79 80 30 23 32 34 33 31 35 25 26 29 11 13 16 17 18 14 15 20 19 22 21 24 27 28 36 37 12 39 40 45
53 55 54 56 52 57 50 49 51 47 45 58 76 46 75 66 59 64 61 60 62 65 12 74 43 70 5 2 1 4 3 6 10 7 8 9 11 69 72 63 68 67 71 77 73 78 79 27 80 22 28 33 23 32 34 35 30 29 25 26 31 14 17 16 19 20 21 15 18 24 36 37 13 38 39 40 41 42 44 48
54 56 57 53 55 52 58 51 76 48 47 59 44 77 60 68 73 39 63 64 66 67 15 70 50 71 7 61 3 1 2 4 5 6 9 62 65 10 11 12 75 69 72 18 74 79 80 78 21 28 22 27 33 23 24 34 32 31 8 25 26 30 35 43 17 19 16 29 36 37 20 38 40 14 41 13 42 45 46 49
55 57 56 58 54 59 52 53 72 50 48 74 70 47 61 42 71 66 62 63 60 64 67 69 68 14 10 17 5 77 76 3 4 8 6 65 9 11 12 13 15 79 73 78 75 80 20 29 30 2 31 1 27 24 23 33 34 7 28 32 25 43 18 19 26 35 36 37 38 39 40 41 44 45 46 16 49 51 22 21
56 58 59 55 57 54 78 52 49 51 50 60 72 79 77 43 80 74 65 67 63 68 69 73 70 16 71 62 15 2 64 5 3 4 7 6 66 61 10 11 12 13 75 17 76 19 28 20 29 21 32 22 34 27 1 23 24 8 31 9 30 25 26 18 33 36 35 38 37 40 39 42 41 44 14 45 46 47 48 53
57 59 58 60 56 55 53 54 61 79 51 62 45 48 76 69 70 80 74 68 67 63 71 75 78 17 77 18 72 10 66 2 6 3 65 5 7 8 73 64 11 12 13 14 15 16 29 30 20 31 21 34 1 22 27 4 23 9 33 28 32 26 25 24 43 37 38 35 39 19 41 36 42 40 44 46 47 49 50 52
58 60 61 57 59 62 55 56 53 49 52 77 71 70 73 44 75 40 67 65 68 66 35 76 72 78 74 54 79 12 80 63 64 5 69 4 6 7 8 9 10 11 14 13 16 15 18 1 31 30 33 21 2 3 22 24 27 23 29 34 28 32 20 25 36 26 37 39 41 38 42 43 45 46 17 47 48 50 51 19
59 61 60 62 58 63 56 55 54 52 53 70 46 68 67 48 50 65 75 37 78 69 40 77 79 80 73 57 17 72 74 12 66 64 71 7 76 5 6 8 9 10 11 15 13 14 16 4 32 1 34 35 21 2 3 22 33 24 23 27 29 28 30 26 25 31 39 36 42 41 38 44 43 47 45 49 19 20 18 51
60 62 63 59 61 58 57 64 56 53 54 72 47 45 71 46 52 41 77 38 65 70 42 80 66 43 75 78 18 73 69 20 67 55 3 8 68 6 74 7 13 9 76 79 12 17 14 15 16 32 1 2 35 5 4 27 22 34 10 11 33 29 28 30 31 25 26 40 44 36 37 39 48 49 50 21 51 24 19 23
61 63 62 64 60 65 59 57 58 54 55 49 48 50 72 45 46 51 79 77 69 71 38 41 42 44 52 80 19 53 1 70 2 66 73 56 67 74 75 68 76 78 10 11 17 12 13 16 15 7 20 3 4 8 9 5 6 27 24 23 14 31 29 28 30 32 25 26 33 34 43 22 36 37 40 39 18 21 47 35
62 64 65 61 63 60 66 58 57 55 56 71 49 52 69 50 45 46 78 39 75 72 41 38 80 54 79 51 53 19 4 73 68 67 74 59 8 9 76 70 14 15 77 10 11 13 17 18 1 16 2 20 3 21 5 6 7 22 27 24 12 33 31 29 28 30 32 25 26 42 44 40 37 36 47 48 34 35 23 43
63 65 64 66 62 61 60 59 67 56 57 73 50 54 68 49 48 45 58 40 79 74 43 42 51 46 76 52 55 70 53 1 69 2 75 3 5 13 77 71 72 14 9 80 78 11 15 17 18 19 16 4 20 6 21 7 8 12 22 10 23 24 27 32 29 28 30 33 25 26 34 47 39 31 37 44 35 38 41 36
64 66 67 63 65 68 61 60 59 57 58 75 52 56 70 53 49 48 36 69 80 79 44 40 45 51 46 43 71 54 55 72 1 62 2 76 3 4 78 73 7 8 74 9 77 18 19 13 14 15 17 16 5 20 6 21 10 38 11 12 24 23 32 27 34 29 28 30 22 25 26 33 47 39 35 41 37 31 42 50
65 67 66 68 64 69 62 61 60 58 73 51 53 57 47 52 54 49 59 56 38 76 45 55 40 41 78 63 80 75 72 74 71 1 4 2 70 3 5 6 77 7 12 16 79 10 11 14 13 17 15 18 19 35 20 8 21 36 9 31 27 22 23 34 24 33 29 28 30 32 25 26 46 42 48 50 39 44 43 37
66 68 69 65 67 64 63 62 70 59 60 53 51 58 74 54 47 50 56 55 57 78 46 43 41 42 72 45 49 52 75 76 79 61 1 77 73 71 3 4 5 6 7 8 80 2 10 12 17 13 14 15 16 18 19 9 11 21 38 20 35 37 24 23 32 34 31 22 28 29 30 25 26 33 27 36 40 48 39 44
67 69 68 70 66 71 64 63 62 72 59 55 56 51 79 57 53 60 37 36 39 40 54 44 46 45 50 58 52 76 73 77 61 65 5 1 2 75 4 74 78 80 8 7 9 3 12 10 11 14 13 17 6 19 18 16 20 35 21 38 22 15 33 31 23 24 34 32 29 28 27 30 25 48 42 43 26 41 49 47
68 70 71 67 69 66 65 72 73 60 61 56 55 59 80 51 57 47 52 41 64 77 37 54 44 48 49 53 50 63 79 22 62 75 78 58 74 2 7 76 4 5 6 12 8 9 1 19 10 18 3 13 14 16 17 20 15 11 36 21 39 27 34 35 42 23 24 31 32 33 28 29 30 25 26 38 43 40 45 46
69 71 70 72 68 67 73 65 63 61 62 57 58 60 48 55 56 52 64 42 59 80 47 51 54 40 44 46 45 50 77 78 74 53 11 66 75 76 79 3 6 4 5 1 7 8 9 2 12 10 18 14 13 17 16 19 36 15 20 22 21 38 41 39 37 43 23 24 34 30 29 28 32 35 49 26 33 25 27 31
70 72 73 69 71 74 67 75 64 63 65 61 57 62 51 56 55 53 38 66 54 39 48 37 47 49 45 44 46 59 50 52 60 58 76 68 80 77 2 5 79 1 78 6 10 7 8 9 19 3 4 11 15 13 14 17 18 20 12 36 16 40 22 41 27 42 33 23 24 31 32 21 28 26 43 30 29 34 35 25
71 73 72 74 77 75 68 66 65 64 63 67 59 61 52 58 62 54 55 43 36 41 39 45 53 47 48 49 51 60 78 50 76 70 56 11 69 57 80 2 3 16 79 5 6 1 7 8 34 12 10 19 17 4 13 15 9 18 37 14 38 20 42 22 35 21 27 44 40 23 24 31 29 30 25 28 32 46 33 26
72 74 75 71 70 73 69 79 66 65 64 76 61 63 53 59 58 55 40 52 37 62 36 39 48 50 47 56 68 45 49 51 77 60 54 57 78 20 9 67 2 3 80 26 1 6 4 7 8 11 12 5 18 14 35 10 16 17 19 15 13 21 38 42 22 27 41 43 23 46 31 32 24 29 28 25 44 33 34 30
73 75 74 76 72 79 71 67 80 66 69 78 64 65 62 61 63 56 50 53 40 60 49 46 59 57 51 47 44 48 52 54 70 68 58 55 77 22 13 10 1 29 3 4 5 20 31 11 2 9 6 12 8 15 7 14 17 16 18 19 36 39 37 38 21 41 43 27 45 35 23 34 33 24 30 32 28 26 25 42
74 76 77 73 75 78 79 68 69 70 66 64 60 80 59 62 67 57 41 54 58 61 50 47 52 56 53 48 65 46 51 49 72 63 55 23 71 1 14 24 25 2 4 3 18 5 6 31 7 20 9 10 11 12 8 13 19 37 16 17 15 36 40 21 38 39 44 45 27 43 33 35 34 32 22 42 30 28 26 29
75 77 76 78 74 70 72 69 68 67 80 65 66 64 63 60 61 62 42 57 41 43 51 48 36 53 54 50 47 56 59 55 73 71 52 15 79 58 24 1 26 25 2 27 3 4 5 6 9 33 7 8 10 11 12 18 37 14 13 16 19 17 21 20 39 22 40 46 31 44 35 45 49 34 32 23 38 29 30 28
76 78 79 75 80 77 70 71 74 68 67 66 62 69 64 63 65 61 57 59 55 49 52 50 37 39 58 60 48 47 54 56 51 73 53 22 72 24 25 17 23 26 1 2 4 29 3 5 6 8 11 7 9 10 15 12 13 19 14 18 20 16 36 40 41 44 42 21 35 45 46 27 38 43 33 34 31 30 28 32
77 80 78 79 73 76 74 70 75 71 68 69 63 66 65 67 64 58 54 62 44 42 53 52 49 59 60 55 61 51 48 57 56 72 22 21 1 23 26 25 16 24 15 28 14 30 2 3 4 5 8 6 7 9 10 11 12 13 17 37 18 19 39 36 40 38 20 41 43 27 47 46 31 50 34 35 45 32 29 33
78 79 80 77 76 72 75 73 71 69 70 68 65 67 66 64 60 63 51 58 61 44 56 53 39 52 62 59 54 49 57 48 55 74 21 24 4 25 1 26 8 28 16 29 2 27 30 33 3 6 5 9 12 7 11 36 14 10 15 13 17 18 19 37 20 40 22 42 46 47 45 23 35 41 38 31 50 43 32 34
0
37
13 2 9 3 10 4 14 11 12 5 8 16 80 7 15 18 19 6 21 26 30 17 22 24 23 31 27 32 20 25 38 29 34 35 33 39 28 36 37 42 40 41 44 43 45 48 46 50 47 49 51 53 52 55 58 54 56 60 57 59 62 61 63 64 66 65 69 67 68 70 72 73 71 75 74 76 78 77 1 79
14 80 76 9 12 10 4 13 17 27 15 19 1 5 7 8 11 18 6 16 26 22 24 29 25 21 28 23 38 32 30 20 31 36 34 40 41 33 42 37 35 39 45 44 43 49 48 46 51 47 52 50 53 57 55 56 58 54 59 61 60 62 66 65 69 63 64 71 67 74 73 68 70 72 75 2 79 3 77 78
17 79 2 13 14 9 10 12 4 29 20 21 6 8 77 7 18 80 15 31 33 24 26 16 1 22 35 34 23 39 25 27 30 32 40 41 19 28 36 44 38 43 37 45 42 51 53 52 49 46 47 48 50 59 60 55 61 62 54 57 56 63 58 69 70 64 65 66 72 67 74 76 68 73 71 3 5 11 78 75
18 3 10 14 16 17 9 2 13 12 21 22 4 20 80 19 7 8 11 29 15 27 28 6 24 79 26 31 39 34 23 25 36 37 30 42 40 44 33 48 32 35 41 38 46 43 45 53 56 52 49 47 51 60 50 59 55 63 62 54 57 64 61 72 71 58 66 69 65 76 67 74 75 68 78 70 73 1 5 77
23 4 13 16 17 3 19 80 2 10 24 26 11 14 75 29 22 7 79 32 31 15 18 27 28 78 12 6 21 41 39 30 20 25 44 34 36 37 43 33 42 40 35 47 38 52 51 45 58 53 48 46 49 62 61 50 59 55 56 63 65 54 57 60 74 68 70 72 64 71 66 77 67 69 76 5 1 73 9 8
29 76 17 19 23 14 3 20 21 2 26 13 12 4 5 30 10 11 8 33 7 18 27 22 31 75 24 35 78 15 40 36 25 41 16 45 42 46 28 39 34 48 49 32 44 38 43 37 60 54 53 51 56 52 47 61 50 66 55 65 58 59 62 57 79 71 63 77 70 80 64 72 69 67 1 6 9 68 73 74
33 9 18 20 19 16 23 21 3 17 77 24 13 10 8 5 29 14 4 34 36 30 31 11 22 1 37 7 75 45 78 15 27 40 25 26 47 42 41 28 43 46 39 35 32 53 38 44 63 56 54 49 48 2 62 60 52 50 66 55 59 69 72 61 80 74 51 57 58 79 65 64 76 70 67 71 6 12 68 73
37 14 19 25 26 18 27 78 20 30 68 17 15 3 11 80 5 22 10 35 34 4 32 8 29 6 31 33 12 77 21 73 24 23 39 16 45 48 44 36 46 51 28 40 41 54 42 43 38 57 58 56 59 49 53 62 60 67 47 50 52 55 69 74 1 76 61 79 63 2 75 65 64 66 72 7 70 71 13 9
40 16 20 27 25 21 29 9 23 33 2 28 24 13 14 31 34 5 3 36 39 75 73 30 17 77 38 8 6 48 11 1 78 15 18 46 22 49 19 26 44 45 42 37 51 56 32 41 35 43 67 54 58 4 63 53 64 68 52 47 55 50 74 59 62 60 71 80 61 57 69 66 65 76 79 72 7 70 10 12
42 19 21 28 33 23 31 24 9 35 29 32 25 74 17 13 36 20 16 39 3 5 51 34 18 7 75 10 8 49 79 6 68 54 22 27 26 15 30 50 45 53 52 41 40 58 55 59 37 38 43 44 46 48 64 63 66 70 60 67 47 56 76 77 4 62 73 1 80 61 57 78 72 65 69 12 71 2 14 11
44 20 23 30 34 24 32 19 28 73 31 29 21 75 25 36 13 17 22 41 14 54 76 51 26 8 45 37 10 7 12 35 1 11 27 6 18 53 47 15 48 16 50 56 39 33 58 40 42 67 38 57 43 46 65 64 63 71 68 70 74 60 77 52 5 55 49 59 62 3 61 80 78 79 2 9 69 66 72 4
45 21 25 32 35 27 34 23 29 75 33 31 38 51 19 39 24 13 26 42 40 3 4 5 36 10 79 46 15 78 7 12 74 1 17 11 20 30 48 18 22 54 16 50 49 28 41 55 64 37 44 58 62 43 66 69 53 72 63 68 70 47 56 76 6 52 59 60 73 9 77 61 57 80 65 67 8 14 71 2
46 32 29 35 37 28 40 25 30 9 34 23 27 79 24 38 33 19 13 43 41 51 54 36 39 4 14 5 17 8 80 22 76 18 7 49 21 12 11 20 26 31 53 16 48 59 56 60 66 42 45 1 67 44 2 3 68 73 71 72 75 70 47 78 50 77 52 58 55 10 62 63 74 57 6 61 64 65 15 69
47 33 30 39 41 29 35 31 32 36 9 42 23 49 28 34 37 25 19 44 13 79 52 38 27 80 17 48 70 21 14 26 73 43 8 51 75 20 54 24 15 11 22 59 18 16 67 61 40 1 2 45 3 5 46 66 69 53 72 74 68 71 50 56 7 78 76 4 77 60 55 58 63 6 57 62 12 64 65 10
50 37 32 40 39 34 44 33 31 42 35 41 54 67 30 43 38 26 24 45 49 70 65 47 19 74 36 13 69 29 15 14 75 48 21 52 51 17 73 71 18 20 11 23 22 27 28 16 68 3 1 4 2 6 5 46 25 76 53 78 77 66 79 80 56 7 8 10 59 12 60 55 9 58 63 57 62 61 64 72
51 40 33 42 43 36 37 32 35 47 38 39 9 2 41 46 45 28 74 49 44 10 3 48 50 12 55 52 4 54 72 23 69 53 24 71 65 21 7 8 17 22 20 68 64 14 19 18 27 16 26 29 31 34 30 1 67 78 73 76 80 75 5 79 11 56 77 6 66 15 63 59 60 61 58 13 57 62 70 25
53 42 38 43 46 39 45 41 37 48 32 33 34 77 71 40 49 51 25 47 50 66 30 65 35 14 64 36 68 10 69 31 6 52 12 61 54 23 20 67 55 8 56 15 70 75 21 19 24 22 16 27 26 28 29 44 73 80 74 3 1 76 78 2 13 5 79 7 4 11 18 62 59 60 9 58 72 57 63 17
54 44 40 49 42 41 46 43 39 37 36 45 32 72 9 51 50 38 77 55 53 13 33 68 48 17 61 47 71 52 64 69 8 56 23 67 70 24 14 75 12 73 57 19 65 22 15 20 21 26 28 16 29 31 34 35 74 1 76 80 3 4 7 5 30 2 10 11 6 18 78 25 79 59 60 27 58 63 66 62
55 45 41 44 48 42 49 47 40 53 50 43 35 18 78 52 9 46 69 51 54 65 38 62 37 33 70 39 64 56 77 67 72 71 29 73 68 57 21 66 30 12 61 31 15 17 22 75 74 28 19 23 1 26 16 34 36 3 79 5 8 7 80 10 14 6 2 13 76 27 4 11 20 63 59 24 25 60 58 32
56 46 78 50 49 43 51 44 41 54 45 48 40 21 32 53 66 62 27 63 55 61 35 69 52 37 71 38 73 57 68 79 77 70 31 58 64 59 23 7 36 17 65 29 74 19 26 15 20 18 24 22 4 9 1 16 75 34 25 6 33 5 3 47 8 30 11 14 10 28 76 2 80 12 13 39 42 72 67 60
75 48 42 52 50 45 53 49 43 56 44 46 47 29 37 54 39 66 28 64 58 71 41 73 51 76 72 60 77 55 4 10 79 13 32 74 6 65 67 17 61 23 62 70 63 26 34 68 69 24 18 19 38 20 22 36 78 16 33 40 5 8 1 31 15 11 12 25 3 14 80 21 2 9 27 59 30 35 57 7
57 50 43 53 51 46 52 45 42 58 79 54 60 65 48 55 40 74 33 56 59 69 78 76 41 35 68 62 5 61 67 37 4 49 72 47 66 70 75 19 73 24 64 63 11 23 12 17 71 21 29 18 6 22 38 32 77 36 80 28 34 44 14 26 16 8 7 15 13 30 2 3 1 10 20 25 31 9 27 39
58 51 46 78 52 47 54 48 45 60 70 50 53 69 68 59 79 9 34 65 61 74 39 77 49 38 2 63 24 62 13 44 5 67 10 1 71 75 6 21 76 29 66 30 12 73 23 64 72 41 32 20 37 19 18 40 80 35 16 36 28 33 11 8 22 15 25 56 7 26 14 4 3 55 31 42 43 27 17 57
60 52 49 57 53 51 59 56 46 61 42 79 58 80 43 64 77 67 9 54 66 14 47 3 70 45 50 68 26 65 71 39 11 72 74 5 25 78 76 62 6 7 73 69 17 30 35 63 75 33 34 41 24 29 37 18 20 38 19 16 36 40 28 1 48 22 44 23 12 32 13 10 4 2 8 15 55 31 21 27
61 53 50 63 54 52 60 51 47 57 74 66 42 31 46 65 41 68 36 67 64 77 70 78 71 3 80 2 14 79 59 45 12 73 13 8 72 69 49 23 7 10 75 62 58 11 30 21 15 9 37 39 40 24 35 48 76 44 1 18 16 29 25 34 28 26 22 32 56 38 27 33 5 4 55 43 17 6 19 20
62 54 52 61 55 57 65 59 48 66 47 63 78 35 49 79 64 76 42 69 60 38 71 80 53 70 77 75 46 58 2 41 22 74 45 13 73 68 3 51 10 6 67 72 20 7 36 24 12 17 4 9 39 21 40 19 26 8 23 25 18 34 37 11 43 27 28 50 30 29 56 1 33 14 32 44 15 5 31 16
65 55 79 64 57 59 61 60 77 62 80 52 46 38 73 70 68 72 63 66 78 43 50 49 67 9 76 51 27 69 53 2 29 75 41 48 58 71 13 14 56 25 10 74 54 8 4 26 17 12 11 3 5 35 44 21 28 20 36 19 37 24 34 39 45 16 30 40 22 42 47 15 6 1 7 32 18 23 33 31
66 59 54 65 58 55 67 57 49 68 48 69 51 39 47 75 46 77 31 70 79 44 80 42 60 72 78 64 53 71 73 50 2 4 52 56 74 76 45 25 62 9 6 61 3 63 13 8 14 30 12 11 27 15 43 17 38 10 5 20 19 35 24 36 26 28 41 18 1 37 29 40 7 21 22 23 33 32 16 34
68 62 57 66 60 54 70 64 51 65 61 72 79 41 69 74 75 42 67 71 63 59 77 53 78 47 49 76 52 80 46 48 44 2 4 50 5 73 1 56 3 55 58 6 9 10 7 25 28 39 14 12 13 23 15 37 34 43 40 17 20 19 27 38 35 31 16 22 36 45 26 30 29 8 11 18 21 24 32 33
69 65 58 68 74 60 80 62 52 67 73 70 75 42 50 57 76 64 41 79 71 31 43 63 72 48 3 77 45 59 56 49 40 78 2 54 4 13 25 53 51 1 5 66 55 61 10 7 30 44 17 6 11 12 14 38 39 22 21 9 35 20 32 37 46 24 36 19 28 47 33 27 8 23 15 34 16 26 18 29
71 66 61 69 63 62 72 67 64 70 76 80 68 46 54 42 55 78 43 77 73 45 75 50 65 41 59 79 49 74 51 52 48 58 47 18 13 4 2 60 57 3 1 10 53 6 8 34 7 5 21 15 12 11 27 39 9 32 14 29 25 36 20 17 31 35 37 24 33 56 28 26 19 16 38 40 22 30 23 44
74 67 62 71 76 78 77 68 65 69 66 73 52 63 56 72 42 32 45 75 70 58 53 33 79 43 57 80 40 64 50 46 41 55 48 59 49 61 51 2 54 4 60 13 23 1 14 6 3 7 10 17 8 36 9 5 15 39 44 12 29 18 35 20 27 21 38 31 47 22 24 16 11 25 28 30 34 37 26 19
76 70 64 77 61 79 66 71 67 72 51 68 69 44 74 73 65 41 47 78 80 62 63 45 42 49 9 57 50 75 22 53 3 5 46 60 48 54 52 55 59 58 8 2 56 4 1 31 33 13 6 7 10 39 11 43 32 15 38 14 21 12 18 25 36 40 27 20 35 16 23 37 17 19 29 28 24 34 30 26
79 71 69 74 65 70 73 76 61 78 63 75 62 45 52 77 59 43 49 80 68 56 55 37 54 51 60 67 3 72 24 64 46 57 53 21 50 66 58 4 2 30 9 48 25 39 27 1 6 31 8 10 42 14 7 13 40 11 32 34 44 15 22 41 47 33 17 28 5 19 16 23 12 20 35 26 29 36 38 18
77 72 70 80 69 63 78 73 66 79 71 74 61 50 64 67 54 53 44 76 75 42 58 43 62 52 46 65 59 68 27 51 49 45 55 25 56 5 31 57 60 33 12 3 24 2 9 22 1 6 13 30 41 37 8 4 48 40 26 7 32 10 23 14 34 29 39 47 11 36 20 38 18 15 17 19 28 16 35 21
78 73 74 75 66 68 79 77 71 80 69 76 65 52 67 63 62 54 50 72 42 46 60 44 61 64 58 3 47 70 45 56 55 51 49 53 57 27 29 59 31 34 23 9 26 40 2 32 13 4 30 38 7 41 6 10 5 48 37 8 43 11 12 15 25 1 18 33 17 39 22 35 14 24 21 16 19 20 28 36
80 74 75 79 68 72 71 66 73 77 65 78 70 53 61 76 52 45 48 46 69 60 59 56 55 42 67 58 57 63 49 54 50 3 51 29 62 64 26 31 47 5 36 4 27 34 39 2 32 40 9 8 14 38 12 6 13 7 10 43 11 22 15 21 41 18 23 35 25 44 1 17 16 33 19 20 37 28 24 30
0
0
