Case 1: 2 0.8125
4 0.786133
6 0.777893
8 0.774513
10 0.772917
12 0.772093
14 0.771643
16 0.771385
18 0.771233
20 0.771141
22 0.771084
24 0.771049
26 0.771026
28 0.771011
30 0.771002
32 0.770995
34 0.770991
36 0.770988
38 0.770986
40 0.770985
42 0.770984
44 0.770984
46 0.770983
48 0.770983
50 0.770983
52 0.770983
54 0.770982
56 0.770982
58 0.770982
60 0.770982
62 0.770982
64 0.770982
66 0.770982
68 0.770982
70 0.770982
72 0.770982
74 0.770982
76 0.770982
78 0.770982
80 0.770982
82 0.770982
84 0.770982
86 0.770982
88 0.770982
90 0.770982
92 0.770982
94 0.770982
96 0.770982
98 0.770982
100 0.770982
102 0.770982
104 0.770982
106 0.770982
108 0.770982
110 0.770982
112 0.770982
114 0.770982
116 0.770982
118 0.770982
120 0.770982
122 0.770982
124 0.770982
126 0.770982
128 0.770982
130 0.770982
132 0.770982
134 0.770982
136 0.770982
138 0.770982
140 0.770982
142 0.770982
144 0.770982
146 0.770982
148 0.770982
150 0.770982
152 0.770982
154 0.770982
156 0.770982
158 0.770982
160 0.770982
162 0.770982
164 0.770982
166 0.770982
168 0.770982
170 0.770982
172 0.770982
174 0.770982
176 0.770982
178 0.770982
180 0.770982
182 0.770982
184 0.770982
186 0.770982
188 0.770982
190 0.770982
192 0.770982
194 0.770982
196 0.770982
198 0.770982
200 0.770982
202 0.770982
204 0.770982
206 0.770982
208 0.770982
210 0.770982
212 0.770982
214 0.770982
216 0.770982
218 0.770982
220 0.770982
222 0.770982
224 0.770982
226 0.770982
228 0.770982
230 0.770982
232 0.770982
234 0.770982
236 0.770982
238 0.770982
240 0.770982
242 0.770982
244 0.770982
246 0.770982
248 0.770982
250 0.770982
252 0.770982
254 0.770982
256 0.770982
258 0.770982
260 0.770982
262 0.770982
264 0.770982
266 0.770982
268 0.770982
270 0.770982
272 0.770982
274 0.770982
276 0.770982
278 0.770982
280 0.770982
282 0.770982
284 0.770982
286 0.770982
288 0.770982
290 0.770982
292 0.770982
294 0.770982
296 0.770982
298 0.770982
300 0.770982
302 0.770982
304 0.770982
306 0.770982
308 0.770982
310 0.770982
312 0.770982
314 0.770982
316 0.770982
318 0.770982
320 0.770982
322 0.770982
324 0.770982
326 0.770982
328 0.770982
330 -nan
332 -nan
334 -nan
336 -nan
338 -nan
340 -nan
342 -nan
344 -nan
346 -nan
348 -nan
350 -nan
352 -nan
354 -nan
356 -nan
358 -nan
360 -nan
362 -nan
364 -nan
366 -nan
368 -nan
370 -nan
372 -nan
374 -nan
376 -nan
378 -nan
380 -nan
382 -nan
384 -nan
386 -nan
388 -nan
390 -nan
392 -nan
394 -nan
396 -nan
398 -nan
400 -nan
402 -nan
404 -nan
406 -nan
408 -nan
410 -nan
412 -nan
414 -nan
416 -nan
418 -nan
420 -nan
422 -nan
424 -nan
426 -nan
428 -nan
430 -nan
432 -nan
434 -nan
436 -nan
438 -nan
440 -nan
442 -nan
444 -nan
446 -nan
448 -nan
450 -nan
452 -nan
454 -nan
456 -nan
458 -nan
460 -nan
462 -nan
464 -nan
466 -nan
468 -nan
470 -nan
472 -nan
474 -nan
476 -nan
478 -nan
480 -nan
482 -nan
484 -nan
486 -nan
488 -nan
490 -nan
492 -nan
494 -nan
496 -nan
498 -nan
500 -nan
502 -nan
504 -nan
506 -nan
508 -nan
510 -nan
512 -nan
514 -nan
516 -nan
518 -nan
520 -nan
522 -nan
524 -nan
526 -nan
528 -nan
530 -nan
532 -nan
534 -nan
536 -nan
538 -nan
540 -nan
542 -nan
544 -nan
546 -nan
548 -nan
550 -nan
552 -nan
554 -nan
556 -nan
558 -nan
560 -nan
562 -nan
564 -nan
566 -nan
568 -nan
570 -nan
572 -nan
574 -nan
576 -nan
578 -nan
580 -nan
582 -nan
584 -nan
586 -nan
588 -nan
590 -nan
592 -nan
594 -nan
596 -nan
598 -nan
600 -nan
602 -nan
604 -nan
606 -nan
608 -nan
610 -nan
612 -nan
614 -nan
616 -nan
618 -nan
620 -nan
622 -nan
624 -nan
626 -nan
628 -nan
630 -nan
632 -nan
634 -nan
636 -nan
638 -nan
640 -nan
642 -nan
644 -nan
646 -nan
648 -nan
650 -nan
652 -nan
654 -nan
656 -nan
658 -nan
660 -nan
662 -nan
664 -nan
666 -nan
668 -nan
670 -nan
672 -nan
674 -nan
676 -nan
678 -nan
680 -nan
682 -nan
684 -nan
686 -nan
688 -nan
690 -nan
692 -nan
694 -nan
696 -nan
698 -nan
700 -nan
702 -nan
704 -nan
706 -nan
708 -nan
710 -nan
712 -nan
714 -nan
716 -nan
718 -nan
720 -nan
722 -nan
724 -nan
726 -nan
728 -nan
730 -nan
732 -nan
734 -nan
736 -nan
738 -nan
740 -nan
742 -nan
744 -nan
746 -nan
748 -nan
750 -nan
752 -nan
754 -nan
756 -nan
758 -nan
760 -nan
762 -nan
764 -nan
766 -nan
768 -nan
770 -nan
772 -nan
774 -nan
776 -nan
778 -nan
780 -nan
782 -nan
784 -nan
786 -nan
788 -nan
790 -nan
792 -nan
794 -nan
796 -nan
798 -nan
800 -nan
802 -nan
804 -nan
806 -nan
808 -nan
810 -nan
812 -nan
814 -nan
816 -nan
818 -nan
820 -nan
822 -nan
824 -nan
826 -nan
828 -nan
830 -nan
832 -nan
834 -nan
836 -nan
838 -nan
840 -nan
842 -nan
844 -nan
846 -nan
848 -nan
850 -nan
852 -nan
854 -nan
856 -nan
858 -nan
860 -nan
862 -nan
864 -nan
866 -nan
868 -nan
870 -nan
872 -nan
874 -nan
876 -nan
878 -nan
880 -nan
882 -nan
884 -nan
886 -nan
888 -nan
890 -nan
892 -nan
894 -nan
896 -nan
898 -nan
900 -nan
902 -nan
904 -nan
906 -nan
908 -nan
910 -nan
912 -nan
914 -nan
916 -nan
918 -nan
920 -nan
922 -nan
924 -nan
926 -nan
928 -nan
930 -nan
932 -nan
934 -nan
936 -nan
938 -nan
940 -nan
942 -nan
944 -nan
946 -nan
948 -nan
950 -nan
952 -nan
954 -nan
956 -nan
958 -nan
960 -nan
962 -nan
964 -nan
966 -nan
968 -nan
970 -nan
972 -nan
974 -nan
976 -nan
978 -nan
980 -nan
982 -nan
984 -nan
986 -nan
988 -nan
990 -nan
992 -nan
994 -nan
996 -nan
998 -nan
1000 -nan
-nan
Case 2: 2 0.890625
4 0.881653
6 0.880017
8 0.879626
10 0.879518
12 0.879486
14 0.879475
16 0.879472
18 0.879471
20 0.87947
22 0.87947
24 0.87947
26 0.87947
28 0.87947
30 0.87947
32 0.87947
34 0.87947
36 0.87947
38 0.87947
40 0.87947
42 0.87947
44 0.87947
46 0.87947
48 0.87947
50 0.87947
52 0.87947
54 0.87947
56 0.87947
58 0.87947
60 0.87947
62 0.87947
64 0.87947
66 0.87947
68 0.87947
70 0.87947
72 0.87947
74 0.87947
76 0.87947
78 0.87947
80 0.87947
82 0.87947
84 0.87947
86 0.87947
88 0.87947
90 0.87947
92 0.87947
94 0.87947
96 0.87947
98 0.87947
100 0.87947
102 0.87947
104 0.87947
106 0.87947
108 0.87947
110 0.87947
112 0.87947
114 0.87947
116 0.87947
118 0.87947
120 0.87947
122 0.87947
124 0.87947
126 0.87947
128 0.87947
130 0.87947
132 0.87947
134 0.87947
136 0.87947
138 0.87947
140 0.87947
142 0.87947
144 0.87947
146 0.87947
148 0.87947
150 0.87947
152 0.87947
154 0.87947
156 0.87947
158 0.87947
160 0.87947
162 0.87947
164 0.87947
166 0.87947
168 0.87947
170 0.87947
172 0.87947
174 0.87947
176 0.87947
178 0.87947
180 0.87947
182 0.87947
184 0.87947
186 0.87947
188 0.87947
190 0.87947
192 0.87947
194 0.87947
196 0.87947
198 0.87947
200 0.87947
202 0.87947
204 0.87947
206 0.87947
208 0.87947
210 0.87947
212 0.87947
214 0.87947
216 0.87947
218 0.87947
220 0.87947
222 0.87947
224 0.87947
226 0.87947
228 0.87947
230 0.87947
232 0.87947
234 0.87947
236 0.87947
238 0.87947
240 0.87947
242 0.87947
244 0.87947
246 0.87947
248 0.87947
250 0.87947
252 0.87947
254 0.87947
256 0.87947
258 0.87947
260 0.87947
262 0.87947
264 0.87947
266 0.87947
268 0.87947
270 0.87947
272 0.87947
274 0.87947
276 0.87947
278 0.87947
280 0.87947
282 0.87947
284 0.87947
286 0.87947
288 0.87947
290 0.87947
292 0.87947
294 0.87947
296 0.87947
298 0.87947
300 0.87947
302 0.87947
304 0.87947
306 0.87947
308 0.87947
310 0.87947
312 0.87947
314 0.87947
316 0.87947
318 0.87947
320 0.87947
322 0.87947
324 0.87947
326 0.87947
328 0.87947
330 0.87947
332 0.87947
334 0.87947
336 0.87947
338 0.87947
340 0.87947
342 0.87947
344 0.87947
346 0.87947
348 0.87947
350 0.87947
352 0.87947
354 0.87947
356 0.87947
358 0.87947
360 0.87947
362 0.87947
364 0.87947
366 0.87947
368 0.87947
370 0.87947
372 0.87947
374 0.87947
376 0.87947
378 0.87947
380 0.87947
382 0.87947
384 0.87947
386 0.87947
388 0.87947
390 0.87947
392 0.87947
394 0.87947
396 0.87947
398 0.87947
400 0.87947
402 0.87947
404 0.87947
406 0.87947
408 0.87947
410 0.87947
412 0.87947
414 0.87947
416 0.87947
418 0.87947
420 0.87947
422 0.87947
424 0.87947
426 0.87947
428 0.87947
430 0.87947
432 0.87947
434 0.87947
436 0.87947
438 0.87947
440 0.87947
442 0.87947
444 0.87947
446 0.87947
448 0.87947
450 0.87947
452 0.87947
454 0.87947
456 0.87947
458 0.87947
460 0.87947
462 0.87947
464 0.87947
466 0.87947
468 0.87947
470 0.87947
472 0.87947
474 0.87947
476 0.87947
478 0.87947
480 0.87947
482 0.87947
484 0.87947
486 0.87947
488 0.87947
490 0.87947
492 0.87947
494 0.87947
496 0.87947
498 0.87947
500 0.87947
502 0.87947
504 0.87947
506 0.87947
508 0.87947
510 0.87947
512 0.87947
514 0.87947
516 0.87947
518 0.87947
520 0.87947
522 0.87947
524 0.87947
526 0.87947
528 0.87947
530 0.87947
532 0.87947
534 0.87947
536 0.87947
538 0.87947
540 0.87947
542 0.87947
544 0.87947
546 0.87947
548 0.87947
550 0.87947
552 0.87947
554 0.87947
556 0.87947
558 0.87947
560 0.87947
562 0.87947
564 0.87947
566 0.87947
568 0.87947
570 0.87947
572 0.87947
574 0.87947
576 0.87947
578 0.87947
580 0.87947
582 0.87947
584 0.87947
586 0.87947
588 0.87947
590 0.87947
592 0.87947
594 0.87947
596 0.87947
598 0.87947
600 0.87947
602 0.87947
604 0.87947
606 0.87947
608 0.87947
610 0.87947
612 0.87947
614 0.87947
616 0.87947
618 0.87947
620 0.87947
622 0.87947
624 0.87947
626 0.87947
628 0.87947
630 0.87947
632 0.87947
634 0.87947
636 0.87947
638 0.87947
640 0.87947
642 0.87947
644 0.87947
646 0.87947
648 0.87947
650 0.87947
652 0.87947
654 0.87947
656 0.87947
658 0.87947
660 0.87947
662 0.87947
664 0.87947
666 0.87947
668 0.87947
670 0.87947
672 0.87947
674 0.87947
676 0.87947
678 0.87947
680 0.87947
682 0.87947
684 0.87947
686 0.87947
688 0.87947
690 0.87947
692 0.87947
694 0.87947
696 0.87947
698 0.87947
700 0.87947
702 0.87947
704 0.87947
706 0.87947
708 0.87947
710 0.87947
712 0.87947
714 0.87947
716 0.87947
718 0.87947
720 0.87947
722 0.87947
724 0.87947
726 0.87947
728 0.87947
730 -nan
732 -nan
734 -nan
736 -nan
738 -nan
740 -nan
742 -nan
744 -nan
746 -nan
748 -nan
750 -nan
752 -nan
754 -nan
756 -nan
758 -nan
760 -nan
762 -nan
764 -nan
766 -nan
768 -nan
770 -nan
772 -nan
774 -nan
776 -nan
778 -nan
780 -nan
782 -nan
784 -nan
786 -nan
788 -nan
790 -nan
792 -nan
794 -nan
796 -nan
798 -nan
800 -nan
802 -nan
804 -nan
806 -nan
808 -nan
810 -nan
812 -nan
814 -nan
816 -nan
818 -nan
820 -nan
822 -nan
824 -nan
826 -nan
828 -nan
830 -nan
832 -nan
834 -nan
836 -nan
838 -nan
840 -nan
842 -nan
844 -nan
846 -nan
848 -nan
850 -nan
852 -nan
854 -nan
856 -nan
858 -nan
860 -nan
862 -nan
864 -nan
866 -nan
868 -nan
870 -nan
872 -nan
874 -nan
876 -nan
878 -nan
880 -nan
882 -nan
884 -nan
886 -nan
888 -nan
890 -nan
892 -nan
894 -nan
896 -nan
898 -nan
900 -nan
902 -nan
904 -nan
906 -nan
908 -nan
910 -nan
912 -nan
914 -nan
916 -nan
918 -nan
920 -nan
922 -nan
924 -nan
926 -nan
928 -nan
930 -nan
932 -nan
934 -nan
936 -nan
938 -nan
940 -nan
942 -nan
944 -nan
946 -nan
948 -nan
950 -nan
952 -nan
954 -nan
956 -nan
958 -nan
960 -nan
962 -nan
964 -nan
966 -nan
968 -nan
970 -nan
972 -nan
974 -nan
976 -nan
978 -nan
980 -nan
982 -nan
984 -nan
986 -nan
988 -nan
990 -nan
992 -nan
994 -nan
996 -nan
998 -nan
1000 -nan
-nan
