100
2
137 1 200434222
212 1 724211365
2
285 1 633559892
237 1 110661641
2
133 1 379347329
242 1 314198761
2
233 1 127085980
247 1 892788126
2
72 1 914767728
187 1 748901078
2
224 1 883375598
37 1 726771565
2
180 1 10
180 1 30
2
104 1 732023392
163 1 511243927
2
116 1 197523079
327 1 140758008
2
101 1 449384689
172 1 328013946
2
280 1 116481325
208 1 884926247
2
306 1 873935463
84 1 552166035
2
150 1 143742023
325 1 67179917
2
149 1 672996945
110 1 6579997
2
28 1 772339839
176 1 663731321
2
180 1 1
180 1 100000
2
116 1 934958435
255 1 578548872
2
350 1 453429197
144 1 116851537
2
102 1 812704997
127 1 93086927
2
210 1 357204000
357 1 7210218
2
288 1 1000000000
293 1 120127511
2
330 1 977287150
38 1 502555787
2
354 1 309266463
190 1 457456903
2
173 1 688196278
172 1 251871848
2
113 1 118487235
323 1 450728303
2
174 1 581088991
322 1 742878975
2
274 1 974603202
52 1 788947148
2
76 1 145070897
3 1 59112836
2
27 1 209007469
311 1 741951608
2
41 1 683956945
296 1 619667405
2
67 1 715445125
297 1 946958045
2
184 1 415982761
242 1 783335861
2
130 1 161730434
161 1 852169850
2
244 1 113874959
91 1 663221362
2
200 1 589081649
218 1 499347553
2
218 1 642034140
299 1 152752707
2
355 1 262849134
187 1 896823436
2
47 1 281142389
117 1 9185555
2
196 1 894593209
191 1 375687853
2
103 1 940995750
83 1 878771554
2
242 1 31496983
269 1 337898421
2
244 1 128209073
199 1 15301918
2
355 1 721748020
53 1 800206539
2
328 1 125856150
195 1 41582608
2
42 1 741389710
175 1 982299533
2
216 1 138864902
254 1 810931801
2
219 1 554222679
316 1 38799873
2
343 1 156204567
296 1 307127962
2
61 1 532084095
15 1 324986140
2
241 1 462662401
239 1 493998574
2
232 1 79793619
98 1 848347701
2
243 1 219774432
346 1 747924736
2
250 1 167490563
135 1 767939203
2
20 1 197710511
323 1 267690058
2
103 1 149123046
220 1 314260784
2
195 1 706262765
217 1 462116323
2
151 1 790128158
87 1 104113571
2
63 1 287096805
120 1 903453953
2
140 1 24317092
268 1 296359738
2
182 1 906910643
162 1 639282152
2
170 1 95640108
12 1 840587064
2
120 1 2611784
15 1 484046551
2
171 1 707670134
115 1 604261436
2
125 1 98652399
306 1 336688217
2
344 1 302173934
346 1 10002308
2
297 1 192969218
243 1 152681228
2
348 1 490497889
326 1 817773096
2
51 1 471197411
356 1 400000000
1
180 2 1
2
304 1 184568208
40 1 627126979
2
58 1 974224682
2 1 358913608
2
8 1 281133735
239 1 949519739
2
216 1 919220560
27 1 776205308
2
259 1 271501753
285 1 270308383
2
253 1 999237467
260 1 956136894
2
246 1 486966969
50 1 826400810
2
256 1 285250886
107 1 808002454
2
307 1 643268118
187 1 615831747
2
297 1 803972832
351 1 654386742
2
355 1 693699887
95 1 615951392
2
17 1 217227715
20 1 112497694
2
304 1 536482847
218 1 951392540
2
325 1 118443069
171 1 284808275
2
157 1 71133
359 1 40000
2
316 1 49000081
68 1 843338483
2
126 1 21276198
265 1 837651164
2
11 1 610004112
97 1 881046001
2
330 1 594128147
172 1 858547034
2
169 1 737199061
243 1 81495295
2
230 1 12522756
192 1 682636805
2
208 1 209866033
271 1 113821254
2
96 1 299425400
99 1 194879552
2
149 1 49024539
203 1 802648746
2
180 1 91672240
359 1 97270869
2
63 1 394883774
99 1 264154992
2
46 1 838260271
193 1 136880374
2
166 1 532257638
43 1 502165055
2
130 1 174431297
314 1 354319591
2
110 1 185859214
190 1 359382400
2
33 1 13460452
166 1 214052046
