100
6 10
472802677 826545174 997250761 597133126 475864970 6
1 4
1 1
0 2
2 3
2 5
1 4
0 4
0 2
1 3
3 3
10 8
47609 268615940 37638 59901 1751 9 886759415 64894 62007 1
7 8
0 7
2 5
0 0
2 9
8 9
2 5
5 6
7 10
4 33729 879347233 7 484429642 3 3
1 1
0 3
0 5
3 4
3 6
5 6
1 3
0 4
1 5
0 5
9 3
26915447 3 79940 58238396 493024836 9 89548 7 650859150
1 5
0 6
0 7
7 3
466030074 30954 8 3 6844 71538 929660862
1 3
4 6
4 5
2 4
1 8
0 1
0 0
0 1
0 0
5 10
37853801 9 42356 27357 210305072
1 1
1 3
1 4
1 2
0 2
1 2
0 2
0 4
2 4
4 4
10 10
807080456 12298357 1 9 371152839 10 6 56717 22215 8
5 9
7 7
7 7
3 6
2 3
2 8
0 2
7 9
3 6
6 8
3 3
1000000000 32767 1
0 1
1 2
2 2
10 10
10 1 81806 75498 7125 1174 19879 25554761 37874 9
0 1
1 4
3 5
0 8
1 4
1 4
1 4
4 9
7 7
0 3
4 1
1 34674 2 273486507
2 2
7 3
801511432 8 9 17216 3 28304 47079
1 2
0 2
3 6
8 7
695788188 1 2504 5 149157683 904703818 8 50854
5 7
4 6
5 7
0 2
3 4
1 3
0 5
10 10
506580781 97737 6 31625 3 7 989852462 5 3891 43684
1 2
0 1
0 2
2 5
4 6
0 4
4 9
8 9
0 3
0 2
10 10
9 522965977 78109 5 4 19810 186630875 9 21817 6
3 3
5 5
0 3
2 3
5 6
4 5
8 8
0 0
4 6
4 4
9 2
1 88856 10 779948769 3 1 11923 5 7450
3 8
1 3
8 2
41518 659832701 60985 10 999013521 4 79643 35853880
2 6
3 7
10 10
438684839 6 86040 885158534 46366 54833 58167 139929544 666749459 453854513
0 1
6 7
3 7
6 8
0 1
5 6
0 3
2 7
6 7
9 9
10 4
1 2 5 4 814403498 188794595 490854207 39687 3 52728728
2 4
1 2
6 8
0 1
8 9
10 8 2 55145 71770 14553 4 52844
0 2
0 0
0 5
3 3
0 3
6 7
4 6
1 7
1 2
5 8
6 237389419 5 4 77196765
4 4
0 2
2 4
2 4
3 3
0 0
3 3
1 2
8 9
693944828 10 5 10 775724224 908344057 2 10
0 2
2 5
0 7
2 6
7 7
2 4
2 4
0 5
2 5
1 1
1000000000
0 0
6 6
1 18039 6 2 1 5
0 3
3 4
3 5
2 5
1 4
1 4
2 2
1 4
0 0
0 1
1 8
286994059
0 0
0 0
0 0
0 0
0 0
0 0
0 0
0 0
3 2
2 8820 76289
1 1
0 2
9 8
43787 15424 815413943 602946550 29831 206166493 56351 131577569 25865
0 2
7 8
1 4
0 4
3 3
1 4
2 3
2 4
9 6
381043351 31672 7 244122319 3 805839328 1 90125583 61975
3 4
0 8
0 4
5 6
4 4
5 6
10 10
877039182 488014217 60739 55884 9 82306 231307342 7 24321 790957121
0 4
1 8
5 7
2 2
1 9
2 6
0 8
6 7
1 1
4 9
10 10
69264 25040 61762 4 890787484 942187725 960398749 1 3 861191452
0 7
2 8
1 9
1 6
2 5
8 8
8 9
0 2
1 4
1 7
6 3
3 605246587 43288 843341631 1 4548027
4 5
1 5
0 1
6 9
227235001 12888 766848387 10 402905597 28513
2 2
0 3
0 0
0 3
0 1
1 5
1 4
1 3
0 5
10 10
548787040 1 46958 16408 64221 9 4 10 48466 3
2 4
3 6
7 8
4 8
0 5
6 9
2 8
4 9
1 7
0 9
9 9
10411 229267892 7 6 9 83657 1 740875598 64758
2 7
5 5
1 3
7 8
3 7
5 6
6 8
3 7
4 7
9 7
40826 47905 6 577170019 67468 3 611921202 714973451 1
0 3
5 8
2 2
0 2
0 7
0 4
1 3
1 9
24363
0 0
0 0
0 0
0 0
0 0
0 0
0 0
0 0
0 0
4 2
9 8 27140 2
1 2
2 3
2 2
968143203 4
0 1
0 1
3 4
65726 29922 774046712
2 2
0 1
1 2
0 1
9 3
9 25913 3 93781 217040825 446010118 1 4397 337513203
1 8
5 8
1 8
8 4
4 54032 968118198 6 4 13997 91542 221070186
4 4
4 5
0 4
1 5
6 5
6 35525 3 4 389942444 7
4 5
3 3
0 5
2 2
0 4
10 7
216301407 39316 4 91381 95579 10 825795118 9 56822 397139542
1 5
3 9
2 8
0 3
9 9
7 8
4 5
6 3
49016 4 14823 3 365920327 38367
2 5
3 4
0 3
9 2
1 55745 262168601 763709620 89549 63910 13861 5600 2
0 1
0 2
10 10
87548 8 21649 78705 9 54100 134457895 717905567 781712701 32602
1 5
1 6
5 5
2 4
3 6
2 4
0 9
0 3
1 4
7 9
10 10
368633043 49380994 7 3 95731 64539 94674 1100 55640 57305370
1 7
1 6
3 7
0 1
6 6
7 8
4 9
0 2
9 9
2 8
7 9
3 240929162 6175 407563906 552810976 2 10
5 6
2 2
6 6
1 2
3 4
0 3
3 6
0 5
4 4
5 10
80059 36984 9 7 5468
0 4
2 2
2 2
0 4
1 3
0 2
0 4
3 3
0 2
3 3
10 10
6 62569 98141 222069782 77977 752159173 10 4 91477 367200293
0 9
5 8
1 5
2 6
0 9
0 1
4 8
2 9
0 4
2 9
4 2
874673796 5 1 886039439
0 3
2 3
10 10
4 9 945177822 625566961 651650228 594813263 1 50649645 68152 630202256
5 6
3 7
2 3
3 3
6 8
4 6
1 8
7 9
7 9
3 6
6 6
4 4 6 698435379 10 25356
1 2
2 3
0 1
0 4
0 0
0 2
9 9
6 85634 317976255 54619 8 10 2 74225444 871108491
5 6
1 4
4 7
1 8
5 8
1 2
1 2
7 8
1 6
10 10
7 6 1 65354 3 5 941573575 22841 151165459 8
6 8
0 7
7 8
0 6
0 1
0 2
2 3
9 9
0 7
1 7
4 4
279 2 9 827347233
1 3
3 3
0 2
1 3
3 9
294342854 2 8
2 2
1 2
0 2
0 2
1 2
2 2
0 1
1 1
0 2
9 1
1 7 9 594494126 1 97636 756868283 40170 7
1 7
6 6
24086703 50755 801408602 82427 8 5
1 3
1 5
4 4
3 4
0 5
1 2
10 1
60969 578848181 562098615 10877 866680426 9 5 8 320074676 846080756
0 2
9 6
94999 10 6 1 800407653 8 855721754 536619814 962851869
4 4
3 4
6 6
8 8
0 8
0 2
1 8
52117
0 0
0 0
0 0
0 0
0 0
0 0
0 0
0 0
7 7
12715 25258 75040 45238794 76230 4 5
0 6
3 3
1 6
0 2
2 6
2 6
2 6
8 8
45661 940326454 3 52802 199141010 155302965 48632 4
0 7
5 5
3 6
1 5
4 7
1 6
1 2
0 6
8 10
9 250874550 349057005 7 492046772 44545 47542 7
2 4
1 3
1 7
2 4
3 7
2 4
3 7
2 3
2 3
3 3
8 5
9 71371 67575 388619681 73799 29854 29862 10
1 3
5 7
2 7
1 2
1 2
2 4
1 8
0 1
0 1
0 1
0 1
3 2
1 2 3
0 1
1 2
10 2
89792 176123452 608123050 531213235 25493 709254726 912295884 798401040 753560375 2
2 8
6 6
5 7
531306817 326841340 2 558703959 325233526
0 2
0 1
0 3
1 3
2 2
3 4
2 3
1 8
3
0 0
0 0
0 0
0 0
0 0
0 0
0 0
0 0
5 5
248481003 178648512 449381228 510100522 26359
0 1
0 1
2 3
0 2
1 4
10 8
835677470 271428717 6 761629942 85221 50539 84012 74930 8 552332188
6 9
2 5
0 5
0 7
3 4
2 4
1 9
0 6
10 10
3 27002 83125 3 51781 20899 62247 9 362798975 70824
0 6
7 9
1 4
5 7
2 3
3 5
4 9
1 5
2 8
0 0
1 4
553290949
0 0
0 0
0 0
0 0
6 6
3 805101066 20709 239858202 89901 1
0 2
3 3
2 4
0 0
3 5
0 3
10 10
7060 743395281 2 6 74809 843541740 976876735 16494 7 86359164
0 3
0 3
1 9
7 8
1 8
8 9
3 8
1 5
1 4
6 7
10 10
178609496 4 87485 3 3 16353 74522 2 4 98845
9 9
2 5
1 1
5 6
0 8
5 6
1 5
3 7
2 4
1 1
4 5
65293 637570462 7 314273346
1 3
0 0
0 3
3 3
1 3
6 1
742843992 436418954 8 10115 9 749564165
1 4
10 10
80537 474949503 5 32209 326106511 48010891 9586 3747 1943 692869735
0 1
4 9
4 6
5 9
0 7
1 9
3 6
2 3
0 9
5 5
7 3
322748904 1 6 862185938 63072 893924574 8
0 6
0 6
2 4
10 10
911333441 283670795 539794986 4 9 74725 1 9 6 97878
5 6
3 4
2 6
4 9
4 9
2 7
5 7
0 7
2 9
2 4
6 1
5 1 84770 281630290 15475 271736975
2 3
10 10
1 931969386 5 139374132 73248 91685 5 156165454 61565 1
6 7
2 4
2 6
2 3
6 9
2 5
1 3
2 8
0 2
4 5
9 6
683998387 8 70983 14877 70005 568 299362055 37021 38025
3 3
1 1
7 8
3 6
3 3
3 8
10 10
5638 35528 40484 439980814 437394804 73627 94980 5 8 9
4 5
0 4
1 7
7 9
2 5
1 2
3 6
0 3
2 9
1 2
1 5
941093886
0 0
0 0
0 0
0 0
0 0
3 3
354353425 453523523 543557893
0 1
1 2
0 2
3 2
54105 10 688703343
1 1
0 1
7 2
866711829 1 6 11976 16347 7 3
1 3
1 3
10 10
946683788 43878 766497245 49509 61872 504226603 3 2 101483477 6
3 9
1 4
1 6
2 9
0 4
3 9
1 2
1 4
3 7
2 5
3 8
10 68282128 67099
0 2
1 2
0 1
1 1
0 2
1 2
1 2
1 2
2 3
353420845 613337103
0 1
0 0
0 1
8 10
4249 556899630 2 93098 3 10 17211 859367039
1 1
3 7
0 4
2 6
1 6
1 7
6 7
2 5
5 5
7 7
2 7
19809 790430066
0 0
0 1
1 1
1 1
0 0
0 1
0 1
8 9
2 19081 820073452 1 506037477 6 2 67138
0 4
3 7
1 5
0 6
4 5
1 5
4 5
0 2
3 3
3 6
18054 27036 686093034
0 0
0 0
0 1
0 1
2 2
1 1
10 10
60464 45539 658043584 23461 1 39545 201898575 1 7 733703498
2 9
1 9
0 3
6 9
1 2
6 8
2 3
7 9
8 9
0 7
