100
5 1011011 1011111 1010000 1011111 1011011
1 1111111
5 0000000 0000000 0000000 0000100 0000000
4 0001000 0010000 0011010 0011010
1 1111010
5 1101100 0110000 1111110 1111010 1111110
4 0011001 0110001 0111001 0101101
5 0010000 1011100 1011001 1011101 1010000
2 0110000 0011110
4 1011001 0110001 1111001 1101001
5 0111100 0111001 0111101 0110000 0011101
3 1011001 1011001 0110001
3 0110011 0111001 0101001
4 0110011 0111001 0101101 0110000
5 1100101 0100000 1100110 1100011 1100111
5 1110010 1110110 1110000 1010110 1010010
1 0010011
5 1010011 1010011 0110011 1110001 1100001
2 1011110 1011010
3 0001101 0010000 0011110
1 0110010
3 1011001 1001101 0010000
5 0110000 1110100 1110001 1110101 1110000
3 1101010 1101110 1100000
4 1011110 1010000 1011110 1011010
2 1101001 0110000
3 0100011 1101001 1101101
2 0110000 1110100
1 1111000
2 1011111 1011011
5 0110000 0111100 0111001 0111101 0110000
1 0111110
4 1101111 1100000 1001111 1001011
2 0110011 0110111
2 0110011 0110001
3 1010111 1010011 0010011
5 1010000 1011101 1011001 0010001 1011001
1 1111001
3 1110101 1110000 1010101
4 1101001 0110000 1111000 1111001
2 1011011 1011011
1 0110000
4 0110000 1110010 1110011 1110011
3 1100111 1100000 1000111
2 1101011 1101111
3 0110000 1111100 1111000
3 1111100 1111001 1111101
2 1011110 1011011
3 1111010 1111110 1110000
4 1011101 1010000 1011101 1011001
5 1100111 1100000 1000111 1000011 0100011
2 1001001 1001101
4 1011001 1001101 0010000 1011100
4 0011011 0011011 0110011 0111001
2 0001111 0001011
1 1010110
5 0100000 1101100 1101001 1101101 1100000
2 0010000 0011111
3 1101111 1100000 1001111
2 0110011 0110111
5 0010000 1010110 1010011 1010111 1010000
3 1101001 1101101 0100000
5 0110000 1111100 1111000 1111100 1110000
5 0000000 1001110 1001011 1001111 1000000
5 1111010 1111010 1110000 1011010 1011010
4 0011111 0011011 0010011 0011001
5 0110011 1111001 1101101 0110000 1111110
2 0101101 0110000
5 0101101 0100000 0101110 0101011 0101111
1 0011011
2 1101011 1101011
3 1011001 1001101 0010000
4 1110000 1011001 1011001 0110001
5 1110001 1110101 1110000 1010101 1010001
4 0100000 0101110 0101011 0101111
4 1101110 1101010 1101110 1100000
4 1011011 1011111 1010000 1011111
1 1101010
5 0111001 0101101 0110000 0111110 0111011
2 1110000 1011110
4 0011011 0010011 0011001 0001101
4 0000000 1001110 1001011 1001111
5 0110110 0110011 0110111 0110000 0010111
5 1010011 0110011 1110001 1100101 0110000
1 1011010
4 0111011 0111111 0110000 0011111
1 0110000
3 1010000 1011111 1011011
5 1111010 1111110 1110000 1011110 1011010
3 0110010 1111000 1101100
4 1110011 1110000 1010011 1010011
3 0110000 0011011 0011011
4 0111001 0101001 0110000 0111010
2 0110000 1111000
5 1001110 1001011 1001111 1000000 1001111
3 1001101 0010000 1011110
4 1111000 1101100 0110000 1111100
2 1110000 1011101
1 1101101
5 0111101 0110000 0011101 0011001 0110001
