1
20 200 15
8 10
14 19
11 13
5 19
4 10
1 6
13 3
8 4
1 13
10 18
1 14
20 19
17 16
18 7
13 8
11 14
20 10
20 2
14 17
9 12
15 18
2 14
9 5
9 11
5 17
11 4
3 7
10 5
18 9
9 14
19 2
16 14
6 15
4 17
6 10
16 15
10 2
18 16
6 5
12 19
9 4
6 3
13 7
17 18
2 18
18 19
15 5
10 12
6 16
16 19
3 20
9 13
1 18
15 9
16 9
8 2
16 13
12 2
11 12
17 11
1 20
16 7
13 19
16 20
15 4
10 1
6 7
4 7
19 15
1 5
7 15
4 19
5 11
11 20
6 18
13 20
8 6
17 6
4 1
3 12
5 16
19 17
12 14
14 8
6 11
2 6
8 20
15 12
17 2
16 10
8 16
14 10
1 16
4 3
17 9
4 12
15 1
1 17
5 18
17 13
5 2
9 6
14 4
14 3
14 5
11 7
19 7
18 12
20 18
1 3
14 18
19 1
1 11
8 19
1 7
14 15
18 4
16 4
5 13
11 15
13 15
10 3
10 19
7 20
11 2
17 12
13 4
14 6
12 8
9 3
1 12
20 15
7 17
1 8
8 11
16 12
3 17
4 5
2 16
2 1
5 12
11 19
6 19
9 10
15 8
12 13
14 20
11 18
20 17
8 9
20 12
20 6
2 15
13 2
8 3
20 9
7 2
16 11
6 4
17 10
7 12
11 3
20 5
8 18
4 2
3 15
10 11
17 15
17 8
19 3
3 16
7 9
7 8
10 7
19 9
2 3
7 14
13 6
13 14
1 9
20 4
18 13
5 3
5 8
6 12
15 10
3 18
5 7
2 9
10 13
