100
2 37.2407 3.4504
32.1054 3.4504
47.2113 3.4504
2 58.0428 94.1821
99.9996 94.1821
0.0003 90.3407
2 0.0003 31.3147
0.0003 55.8280
99.9999 31.3147
2 100.0000 29.3534
36.2771 38.8567
16.8161 19.8501
1 4.2411 0.1000
46.8275 39.6791
2 99.9991 82.6444
77.0366 82.9114
99.9994 35.5241
2 99.9997 0.8406
0.0005 0.8406
83.8183 21.3311
2 99.9998 75.6346
99.9990 24.1959
99.9998 75.6346
2 99.9993 93.9200
0.0011 6.0977
0.0009 94.1009
1 4.0027 95.6087
36.9499 74.9131
2 99.9998 36.9694
99.9991 60.8280
99.9990 36.9694
2 60.6432 72.9925
0.0001 72.9925
0.0002 72.9925
2 100.0000 58.8924
62.0233 57.7657
90.7993 60.0191
2 0.0006 14.3355
0.0008 14.3355
0.0009 91.8590
2 0.0006 98.4194
99.9992 98.4194
99.9997 83.5072
2 99.9993 6.8919
99.9996 6.8919
0.0003 13.4932
2 59.1081 96.8236
85.9566 98.5488
45.9915 93.5993
2 30.2244 53.6693
99.9999 53.6693
100.0000 53.6693
2 0.0004 14.5424
99.9996 14.6893
99.9995 13.3813
2 0.0003 37.2523
0.0002 37.2523
0.0002 53.3231
2 99.9992 22.0054
66.7266 22.0054
0.0006 26.2894
2 100.0000 71.8381
0.0005 53.3133
0.0001 90.3629
2 99.9996 11.2278
99.9997 11.2164
0.0005 64.0276
2 99.9995 28.7422
80.3785 0.1692
99.9999 28.7422
2 0.0005 40.3411
99.9991 69.8833
99.9999 40.2899
2 56.4916 99.9000
61.0025 99.9000
22.8073 36.2871
2 99.9998 40.6183
99.9992 40.5743
99.9999 86.0182
2 0.0006 38.5937
99.9997 38.5937
99.9999 24.7316
2 100.0000 65.1586
99.9999 65.1586
0.0001 65.1587
2 0.0006 83.9092
0.0006 81.7348
0.0010 84.4896
2 100.0000 88.3983
0.0001 88.3983
99.9999 88.3984
1 80.6573 40.4117
82.5170 40.4117
2 99.9995 59.6333
99.9991 92.5996
7.7773 59.5682
2 44.1215 50.3524
42.6280 39.4635
11.6764 25.6578
2 99.9996 47.0913
0.0009 47.0350
99.9995 75.7825
2 99.9994 16.3309
0.0007 16.3082
0.0010 75.9711
2 0.0010 80.2765
0.0009 31.1754
99.9999 80.3969
2 99.9995 74.8417
99.9991 75.3653
99.9993 68.4181
2 99.9999 96.4054
0.0005 18.4284
99.9990 96.4054
2 0.0002 32.9653
0.0008 32.9303
0.0003 72.5333
1 93.3120 99.9000
5.6989 68.8792
2 0.0011 46.6192
0.0005 53.7435
99.9993 39.4950
2 100.0000 94.7820
0.0009 94.7820
0.0010 78.6627
2 35.4937 5.7668
40.2396 35.6225
36.3899 76.4342
2 99.9994 62.3609
0.0002 62.8090
0.0004 28.4850
2 0.0009 37.8833
0.0001 81.8090
0.0003 37.8843
2 0.0001 0.1000
0.0001 0.1001
0.0001 0.1002
2 0.1126 93.4675
13.6261 93.9788
38.0991 93.2847
2 39.5886 0.1000
18.7203 0.1000
76.9418 35.0831
2 0.0002 3.0384
0.0011 3.0349
99.9999 33.6683
2 0.0006 55.6180
99.9995 61.4641
99.9998 49.7719
2 99.9997 81.3920
0.0010 85.1357
0.0006 81.3920
2 0.0007 43.1066
0.0001 54.9724
0.0010 43.0430
2 0.0010 96.1924
0.0008 87.1300
0.0003 96.1924
1 10.0000 50.0000
0.2000 50.0000
2 100.0000 65.1587
99.9999 65.1586
0.0001 65.1587
2 0.0001 0.1001
0.0001 0.1003
0.0001 0.1000
2 0.0009 39.4668
99.9991 39.4668
0.0003 16.2201
2 99.9992 85.4218
99.9995 93.0725
0.0005 85.4218
2 0.0006 45.1432
99.9993 20.8060
99.9992 45.1432
2 16.1452 97.6864
61.1654 47.3803
9.2715 97.6863
2 0.0001 58.4267
12.5523 80.8208
16.5145 36.0326
2 99.9998 44.9488
0.0006 1.6677
99.9997 44.9488
2 61.1011 89.0837
25.6104 22.1209
61.4511 22.1209
2 0.0006 30.2928
0.0009 43.5292
99.9992 17.0563
2 99.9990 33.2188
99.9993 3.5146
99.9999 62.9229
2 0.0003 86.6411
99.9995 86.6411
40.2605 17.9013
1 98.0221 52.3570
2.8336 52.3580
2 0.0004 80.3374
99.9998 80.3374
0.0004 23.3676
2 0.0004 17.7012
0.0005 17.7644
99.9990 10.1811
2 7.9301 48.2805
98.6380 2.2346
33.7423 87.0030
2 99.9999 52.1067
99.9991 93.0069
99.9992 52.1067
2 0.0002 67.8985
0.0011 67.8983
100.0000 67.7228
2 25.6317 33.6563
69.9660 50.4536
35.1775 33.6574
2 99.9995 31.3883
0.0009 31.4389
99.9998 18.2065
2 5.0000 99.9000
30.0000 99.8999
20.0000 99.7000
2 99.9996 19.2275
100.0000 20.9885
99.9993 17.4665
2 99.9995 51.6703
0.0009 10.8084
99.9992 92.5321
2 99.9993 55.2692
99.9997 1.0771
99.9995 55.2692
2 0.0003 1.9049
0.0006 73.0627
99.9994 1.9049
2 0.0006 30.9609
71.6821 30.9609
0.0002 61.5857
2 0.0006 80.0705
0.0003 41.7681
0.0003 80.3838
2 0.0004 1.6128
99.9994 31.0565
99.9992 1.6111
2 99.9998 23.7934
0.0001 3.5044
99.9995 23.7934
2 99.9996 7.5790
0.0010 7.5790
0.0005 98.9550
2 99.9998 71.4975
99.9992 16.1546
0.0003 71.4975
2 99.9996 50.0017
99.9998 1.5052
0.0003 50.0017
2 100.0000 75.6127
70.0263 75.6127
27.0364 27.7990
2 99.9990 22.2020
0.0009 33.4244
90.2099 10.9797
2 30.0000 65.4321
0.0001 50.0000
100.0000 99.9000
2 99.9999 6.4658
99.9995 43.3059
0.0003 6.4563
2 0.0001 77.2831
0.0001 97.3911
0.0001 57.1751
2 99.9998 70.6812
0.0002 70.6812
0.0006 31.2881
2 0.0003 26.7332
0.0008 45.0092
0.0004 8.4572
2 100.0000 28.0051
0.0003 7.1954
0.0005 48.8147
2 0.0006 80.1185
0.0005 80.1185
0.0010 43.6599
2 100.0000 88.3984
0.0001 88.3983
99.9999 88.3984
2 0.0005 24.2151
99.9994 24.2151
99.9995 94.4835
2 0.0009 25.8714
67.0648 25.8422
99.9998 73.2893
2 99.4808 76.9326
99.9999 76.9326
100.0000 76.9326
