100
2 0.0009 61.3683
99.9991 70.6217
0.0010 61.2791
2 0.0001 0.1000
0.0001 0.1002
0.0001 0.1001
2 85.6786 23.3824
87.7433 23.3835
71.1327 71.3541
2 100.0000 88.3984
99.9999 88.3984
0.0001 88.3983
2 59.1081 96.8236
85.9566 98.5488
45.9915 93.5993
2 0.0001 0.1001
0.0001 0.1000
0.0001 0.1003
1 92.3885 82.3910
8.9636 32.2365
2 0.0007 9.7108
99.9996 85.4234
99.9993 9.7108
2 99.9998 12.3154
99.9997 43.1580
99.9992 12.3154
2 99.9994 42.8190
0.0010 46.2412
0.0007 39.3968
2 0.0006 30.8041
99.9990 14.6014
99.9991 47.0068
1 18.0497 27.3186
55.1389 93.9928
2 53.7109 22.7253
23.8649 85.6983
57.1202 35.6441
2 0.0006 5.1653
0.0008 5.1589
0.0009 15.9772
1 72.3024 0.1000
46.2711 45.7512
2 0.0001 60.3240
99.9995 85.9062
99.9999 60.3240
2 0.0005 22.0170
0.0003 74.2498
99.9997 22.0170
2 5.0000 99.9000
30.0000 99.8999
20.0000 99.7000
1 15.0260 0.1000
78.8575 0.1000
2 99.9999 78.4780
0.0009 78.4780
100.0000 10.1971
2 0.0003 24.3019
0.0008 97.0623
0.0008 24.3019
2 99.9998 20.0280
0.0005 56.1121
0.0009 20.0280
2 75.1851 7.8833
99.9996 7.8833
0.0001 7.4708
2 99.9995 28.7422
80.3785 0.1692
99.9999 28.7422
2 99.9995 46.1900
0.0007 46.1896
0.0010 37.4495
2 0.0001 77.2831
0.0001 97.3911
0.0001 57.1751
2 0.0002 75.9162
99.9993 91.8739
99.9997 75.9162
2 0.0003 42.2150
0.0007 42.4826
0.0009 15.0418
2 0.0004 68.1024
99.9997 68.1024
99.9994 30.0655
2 95.8362 50.1151
0.0001 50.1151
0.0002 50.1151
2 64.1892 34.5225
12.3094 1.6564
6.3971 97.7640
2 0.0008 52.9457
0.0005 84.7681
0.0009 21.1233
2 99.9996 23.4671
0.0008 24.2921
0.0010 23.4671
2 99.9993 98.5217
99.9998 98.8281
99.9998 92.0820
1 31.5003 98.6449
82.4227 98.6449
2 91.2429 95.6726
94.2765 21.8883
87.4692 95.6721
2 0.0004 49.7112
57.8933 49.7112
100.0000 26.0978
2 99.9991 96.0929
0.0011 96.0929
91.0124 14.5393
2 99.9991 83.2542
99.9993 83.2542
0.0008 59.5024
2 0.0006 47.1672
0.0004 47.1672
99.9992 46.5071
2 0.0011 38.6972
0.0006 50.3668
0.0009 38.6972
2 99.9993 86.6519
99.9994 86.9190
0.0009 5.3519
2 0.0009 45.4932
99.9997 10.5127
99.9997 80.4738
2 100.0000 75.6127
70.0263 75.6127
27.0364 27.7990
2 99.9992 32.5734
99.9994 32.5734
99.9994 99.8626
2 99.9990 89.8421
99.9993 88.6626
99.9992 89.8421
2 100.0000 65.1587
0.0001 65.1587
99.9999 65.1586
2 99.9996 0.9009
0.0006 0.8997
0.0010 19.0187
2 0.0005 42.1850
0.0004 42.1850
0.0001 71.6432
1 92.3843 18.1864
82.4647 18.1864
2 4.4437 77.6711
0.0002 77.6711
0.0001 77.6711
2 37.6745 68.8061
99.9999 68.8061
100.0000 68.8061
2 0.0004 22.5928
0.0006 22.5928
0.0008 22.3784
2 99.9994 35.9146
99.9995 81.8913
99.9993 35.9146
2 82.2451 99.9000
8.8381 99.9000
13.7451 90.8262
2 0.0001 58.0804
25.4331 33.9813
23.9386 82.1795
2 100.0000 92.2522
82.6913 97.5427
31.1934 86.9617
2 0.0011 10.7767
0.0011 19.2745
99.9998 2.2790
2 99.9998 44.9488
0.0006 1.6677
99.9997 44.9488
2 0.0003 42.3735
41.2599 48.3581
0.0010 42.3735
2 99.9997 90.4034
99.9996 91.0082
35.0616 75.6361
2 0.0010 78.4953
0.0006 78.4953
0.0004 64.6613
2 99.4808 76.9326
99.9999 76.9326
100.0000 76.9326
2 99.9998 38.6688
99.9999 18.7205
26.0807 58.6171
1 10.0000 50.0000
0.2000 50.0000
2 99.9996 76.1601
99.9995 66.4743
0.0004 76.1601
2 100.0000 65.1586
0.0001 65.1587
99.9999 65.1586
2 0.6503 23.8390
84.6925 1.5186
1.7827 1.5186
2 0.0006 99.2406
99.9996 99.2406
0.0001 31.8322
2 0.0004 67.5331
99.9996 4.9493
0.0009 68.0463
2 99.9993 66.3855
0.0003 66.3855
0.0005 39.9620
2 0.0006 15.8309
0.0003 98.2338
99.9994 15.8108
2 99.9997 73.6499
100.0000 82.9865
0.0005 64.3132
2 99.9992 50.0581
99.9998 93.5787
0.0007 50.0581
2 100.0000 88.3983
0.0001 88.3983
99.9999 88.3984
2 30.0000 65.4321
0.0001 50.0000
100.0000 99.9000
2 0.0008 88.7281
0.0007 9.3143
99.9996 89.4348
2 0.0008 32.2171
99.9992 27.7138
0.0003 36.7204
2 0.0009 52.9504
99.9993 61.6242
99.9991 52.9514
2 0.0006 16.6690
0.0002 16.6490
0.0004 46.3012
2 99.9996 33.8101
99.9998 33.8101
99.9995 44.6187
2 99.9991 74.4652
99.9993 69.6910
0.0004 75.0611
2 0.0003 70.1561
99.9994 76.3323
99.9998 70.1561
2 0.0004 47.6915
99.9997 5.8506
99.9992 48.0152
2 0.0006 61.5142
99.9999 24.5990
99.9998 61.7158
2 9.0312 99.9000
68.7643 50.5173
5.7659 5.7510
2 0.0008 23.2361
26.9216 23.2361
99.9991 59.1144
2 0.0007 27.0119
99.9992 57.0066
0.0008 26.9827
2 99.9993 37.8507
99.9992 39.7699
0.0002 37.8026
1 14.3324 32.3834
31.6735 32.3844
2 99.9993 95.6379
0.0006 85.9171
0.0009 96.3554
2 36.0271 81.5346
42.2611 81.5346
67.2332 81.5346
2 99.9992 35.4858
99.9993 25.7803
99.9993 45.1914
2 99.9993 62.4708
99.9997 62.3956
99.9991 65.1091
2 0.0002 12.4994
0.0004 74.3338
95.8842 12.4994
2 99.9992 33.7354
26.1219 33.6968
0.0005 85.9387
2 0.0004 49.9270
99.9993 60.0070
99.9993 49.8758
2 99.9992 20.2004
99.9990 20.2004
0.0007 62.4693
2 0.0011 37.8733
0.0010 40.4609
0.0002 37.8733
2 99.9993 34.5056
0.0001 34.5056
99.9994 2.0710
