100
2 99.9998 44.9488
0.0006 1.6677
99.9997 44.9488
1 97.8626 99.9000
31.3745 99.9000
2 0.0011 76.8090
99.9993 48.7902
99.9995 77.2205
2 99.9998 23.7821
100.0000 46.3554
99.9997 23.7526
2 36.8264 53.4896
25.7465 61.1250
88.8243 61.1250
2 0.0005 56.0583
99.9993 55.9950
0.0003 67.3843
2 0.0004 41.4377
0.0004 69.9008
0.0008 12.9745
2 83.4177 58.6355
69.5423 58.6366
52.7649 74.8877
1 95.9344 0.1000
50.0396 0.1000
2 0.0002 77.3896
99.9992 99.4110
99.9997 77.3896
2 0.0005 69.6012
99.9996 51.2776
99.9997 87.9247
2 99.9998 8.5164
0.0004 0.9335
99.9992 16.0994
2 100.0000 75.6127
70.0263 75.6127
27.0364 27.7990
2 99.9995 6.7950
0.0002 6.7876
0.0009 46.6827
2 99.9994 81.4975
0.0001 81.4975
0.0004 89.3310
2 0.0005 95.3356
0.0005 95.5195
0.0006 60.8894
1 10.0000 50.0000
0.2000 50.0000
1 40.0016 39.7008
74.7742 8.7305
2 0.0010 22.6236
0.0009 22.5933
0.0009 55.5188
2 30.0000 65.4321
0.0001 50.0000
100.0000 99.9000
2 5.0000 99.9000
30.0000 99.8999
20.0000 99.7000
2 27.3774 57.0550
43.3076 95.2811
7.0638 86.7879
1 25.1479 0.1000
0.1865 7.7846
2 0.0001 0.1001
0.0001 0.1000
0.0001 0.1003
2 43.5434 78.4235
0.0001 78.4235
0.0002 78.4235
2 99.9997 27.0663
0.0001 27.3160
99.9991 22.5646
2 0.0011 33.0597
0.0006 52.3987
99.9999 13.7207
2 78.7270 35.3683
40.5576 90.0471
74.4903 5.5975
1 32.2102 80.6705
72.0499 20.1788
2 0.0007 32.8149
0.0007 32.8149
34.8198 3.3285
2 100.0000 65.1587
0.0001 65.1587
99.9999 65.1586
2 0.0005 56.6704
0.0010 56.6704
100.0000 78.6339
2 0.0005 44.5941
99.9991 29.9148
0.0010 59.2734
2 99.9995 16.8165
99.9993 88.3401
0.0005 16.8165
2 0.0010 83.6381
0.0004 95.5791
99.9998 83.5136
2 25.4632 98.1684
0.0002 98.1684
0.0001 98.1684
2 90.5879 90.6835
24.6824 90.6835
56.4511 90.6835
2 0.0002 15.1335
0.0008 15.1346
100.0000 78.2101
1 26.2990 71.1729
14.0694 71.1729
2 99.9990 65.7836
99.9993 6.5864
99.9994 66.0194
2 99.9990 14.9931
99.9997 14.9751
99.9995 33.4766
2 0.0010 26.4914
0.0006 8.1410
0.0006 26.4914
2 99.9992 44.7265
99.9999 44.8241
0.0004 7.4780
2 0.0010 96.9529
0.0005 95.6480
0.0010 96.9529
2 23.4643 38.6979
87.7482 14.8441
2.9714 18.6714
2 99.9994 50.9246
0.0008 59.7131
99.9991 50.8573
2 99.9992 41.4791
99.9995 57.1971
99.9995 25.7611
2 49.1147 92.6985
78.0039 82.5696
11.3101 92.6976
2 11.5134 33.3818
4.5266 33.3818
92.4420 33.3818
2 0.0003 11.5205
89.0048 37.0212
99.9991 11.5065
2 99.9994 53.8079
99.9996 2.9336
0.0010 53.8079
2 99.9993 23.5422
99.9991 23.5953
0.0006 3.3490
2 99.9997 24.3931
99.9999 24.3621
0.0007 27.8018
2 0.0004 43.6550
99.9993 2.5956
99.9993 43.6550
2 11.8495 92.8207
0.0001 91.5126
99.9999 92.8207
1 58.7012 99.9000
7.3113 99.9000
2 0.0003 1.9984
99.9990 1.9955
99.9992 37.7061
2 99.9996 53.7219
0.0006 34.9780
0.0011 72.4657
2 0.0001 86.9377
99.9999 86.9377
0.0005 44.9686
2 0.0004 93.0370
99.9995 21.4373
0.0004 93.0370
2 0.0010 73.2673
99.9996 73.2673
5.3156 37.1918
2 99.9994 95.6654
99.9995 21.3109
0.0009 96.5022
2 100.0000 27.8805
5.2675 46.2109
87.7978 9.5502
2 0.0002 57.0070
0.0001 56.9407
0.0010 96.2913
2 0.0008 70.0156
99.9998 70.0156
0.0003 99.6917
2 99.9991 22.9004
99.9993 22.8734
99.9993 31.6324
2 0.0001 77.2831
0.0001 97.3911
0.0001 57.1751
2 0.0009 36.8151
99.9994 67.1965
99.9999 36.7724
2 0.0001 0.1000
0.0001 0.1001
0.0001 0.1002
2 99.9997 80.2965
30.1071 80.2965
0.0005 20.7044
2 0.0006 93.1866
0.0003 93.1866
0.0005 96.1022
2 0.0008 38.3007
99.9995 1.9051
0.0003 38.4850
2 0.0010 30.9129
99.9996 30.9129
99.9995 21.4900
2 100.0000 65.1586
99.9999 65.1586
0.0001 65.1587
2 0.0010 15.7368
1.2576 21.1621
0.0011 10.3115
2 99.9995 37.8121
96.8064 37.8121
0.0005 29.2773
2 99.4808 76.9326
99.9999 76.9326
100.0000 76.9326
2 0.0001 36.1100
45.3996 25.0698
33.2373 47.1502
2 89.5457 99.9000
6.1349 84.6947
44.1845 90.6128
2 99.9995 28.7422
80.3785 0.1692
99.9999 28.7422
2 0.0007 26.3478
0.0010 26.3474
0.0010 10.7239
2 6.8325 6.4825
99.9999 6.4825
100.0000 6.4825
2 0.0003 39.0062
0.8837 67.3559
99.9990 39.0062
2 9.6405 39.9525
87.5639 39.9525
92.2668 39.9525
2 100.0000 88.3983
0.0001 88.3983
99.9999 88.3984
2 59.1081 96.8236
85.9566 98.5488
45.9915 93.5993
2 99.9997 46.3798
0.0009 97.0676
0.0008 46.3798
2 0.0009 59.0196
99.9998 61.2789
99.9994 56.7603
2 99.9997 62.9451
99.9995 62.9451
99.9994 72.6266
2 0.0009 69.2448
88.7711 69.4414
99.9994 34.1266
2 100.0000 88.3984
99.9999 88.3984
0.0001 88.3983
2 99.9994 3.4179
99.9997 21.8683
0.0003 3.4140
2 99.9994 69.2609
99.9997 69.2609
99.9990 11.3286
2 100.0000 27.1569
89.5919 44.0078
0.0003 10.3059
2 99.9999 56.3203
0.0011 56.3203
0.0006 5.6145
2 99.9996 88.4344
99.9991 5.6100
0.0003 88.4344
2 100.0000 57.3568
0.0004 22.9540
0.0002 57.6080
2 99.9998 33.1728
99.9991 33.1728
99.9998 2.1462
2 99.9998 82.6567
81.1295 82.6567
99.9998 86.2668
1 72.3749 65.0535
61.0094 65.0534
