100
2 18.9714 96.9073
99.9997 96.9075
0.0002 2.1678
2 99.9996 0.8097
0.0002 0.8097
99.9991 97.2584
2 99.9998 51.3715
6.4395 51.3715
99.9995 98.8581
2 0.0011 88.2610
82.9951 69.1347
99.9995 88.2610
2 0.0001 12.2834
0.0002 35.5466
86.1500 12.2710
2 0.0003 11.9872
99.9992 11.9872
99.9993 28.6972
2 99.9996 18.2214
0.0008 53.8139
99.9993 18.2214
1 46.1254 14.3828
46.7495 14.3826
2 98.2075 60.2239
78.4176 60.2239
53.5789 60.2239
2 99.9994 58.4940
0.0005 78.5253
0.0002 38.4627
2 0.0004 75.6777
0.0009 75.6773
99.9995 30.7864
2 0.0004 84.9375
99.9995 69.3471
99.9995 84.9375
2 0.0004 64.4992
99.9993 64.4992
0.0003 76.7593
2 0.0011 31.0619
0.0004 16.8733
0.0001 45.2506
2 99.9991 15.4739
0.0006 15.4739
0.0009 54.4563
2 0.0003 80.3185
0.0005 80.3185
100.0000 31.8441
2 55.3204 24.0890
0.0001 24.0890
0.0002 24.0890
2 0.0009 83.8857
0.0006 83.7686
0.0010 99.1406
2 0.0001 22.9980
55.3643 11.9178
1.7015 34.0782
2 99.9997 38.2091
0.0004 38.2091
0.0002 68.7485
2 99.9995 28.7422
80.3785 0.1692
99.9999 28.7422
2 0.0010 82.8591
99.9990 3.4019
99.9996 82.8591
2 99.9996 28.0998
99.9999 83.9343
0.0007 28.1009
2 32.1902 7.1704
72.6950 96.8968
88.0930 90.0654
2 0.0008 24.2392
99.9990 26.7873
0.0006 24.2121
2 99.9995 20.4860
99.9993 20.4860
18.2243 30.1009
2 99.9994 61.5175
58.3133 7.5974
99.9997 61.5175
1 76.6687 98.1320
52.1108 98.1320
2 99.9998 57.0638
0.0005 57.0638
100.0000 49.4628
2 99.9997 73.1976
0.0005 78.0091
99.9998 68.3861
2 0.0005 81.0019
0.0005 4.0388
0.0010 81.0019
2 0.0002 82.3903
99.9993 13.8080
99.9993 83.1090
2 99.9998 26.9920
0.0003 26.9523
99.9998 59.8720
2 99.9992 38.7868
99.9998 29.0732
99.9993 48.5004
2 99.9991 50.4823
99.9995 72.9970
0.0001 50.4255
2 99.9998 61.8343
99.9990 52.2504
100.0000 61.8343
2 0.0007 19.2656
0.0002 7.8172
99.9992 30.7140
2 99.9999 77.4873
0.0008 94.8825
0.0007 60.0921
2 99.9998 44.9488
0.0006 1.6677
99.9997 44.9488
2 100.0000 88.3984
0.0001 88.3983
99.9999 88.3984
2 5.0000 99.9000
30.0000 99.8999
20.0000 99.7000
2 0.0001 20.6948
99.9999 19.2873
99.9992 22.1024
1 89.9700 99.9000
11.6658 52.0950
2 0.0001 0.1000
0.0001 0.1002
0.0001 0.1001
2 99.9996 94.8763
0.0002 99.4403
0.0010 94.8763
2 21.8232 21.9708
65.7526 21.9719
60.9595 28.1178
2 30.0788 1.3944
0.0002 1.3944
0.0001 1.3944
2 0.0001 0.1001
0.0001 0.1003
0.0001 0.1000
1 89.6889 0.1000
46.9386 99.5501
2 99.9994 83.3722
99.9999 4.0209
99.9992 83.3722
2 0.0006 51.8628
99.9999 51.8628
45.2420 67.5902
2 65.4142 50.9012
0.0002 50.9012
0.0001 50.9012
2 0.0004 57.3992
99.9994 57.3195
99.9998 94.2397
2 30.0000 65.4321
0.0001 50.0000
100.0000 99.9000
2 0.0006 16.6326
99.9998 6.6125
100.0000 26.6528
2 99.9992 76.7856
99.9996 77.1875
99.9996 30.8029
2 56.5476 95.8481
45.5583 95.8481
17.8541 95.8481
2 100.0000 65.1586
99.9999 65.1586
0.0001 65.1587
2 0.0005 98.0764
99.9992 99.0284
14.6947 81.6012
2 0.0002 73.8747
27.7390 96.4377
99.9990 51.3117
2 99.9992 83.2790
0.0006 44.4507
0.0005 83.2790
2 99.9998 35.7835
0.0003 57.7969
0.0008 35.7460
2 100.0000 65.1587
0.0001 65.1587
99.9999 65.1586
1 10.0000 50.0000
0.2000 50.0000
2 0.0007 0.4200
0.0004 84.9293
0.0009 0.4200
2 99.9998 42.3510
0.0006 42.5062
99.9994 13.9912
2 0.0003 56.4150
0.0007 4.8831
99.9994 56.6796
2 13.2451 98.4188
45.9049 27.5760
4.0814 27.5760
2 0.0001 97.7809
99.9996 97.7809
0.0002 67.8594
2 0.0002 13.9862
0.0005 18.6040
99.9995 9.3684
2 59.1081 96.8236
85.9566 98.5488
45.9915 93.5993
2 0.0007 79.7060
0.0002 80.4506
0.0008 6.3763
2 24.2631 99.9000
76.6230 99.9000
9.0049 53.3118
2 0.0008 98.0382
99.9999 73.4886
0.0001 98.0382
2 99.9997 58.8097
0.0008 78.6841
0.0001 58.7321
2 99.9992 64.7445
0.0009 65.0837
0.0006 36.4266
2 0.0007 91.3965
0.0009 77.8002
0.0010 91.3965
2 100.0000 88.3983
0.0001 88.3983
99.9999 88.3984
2 0.0008 62.7793
0.0010 82.9268
36.2825 62.7793
2 30.3159 80.1590
81.9476 61.5933
84.4839 80.1583
2 99.4808 76.9326
99.9999 76.9326
100.0000 76.9326
2 0.0004 56.8588
99.9996 41.1198
99.9995 56.8588
2 0.0001 77.2831
0.0001 97.3911
0.0001 57.1751
2 0.0009 73.2503
0.0003 73.2503
62.8465 45.6174
2 100.0000 75.6127
70.0263 75.6127
27.0364 27.7990
2 1.6742 56.6819
100.0000 56.6819
99.9999 56.6819
2 100.0000 34.2712
62.6354 33.8402
25.6691 34.7022
1 42.9022 86.4701
18.2882 77.6726
2 0.0009 13.8624
99.9994 47.4180
0.0003 13.8624
1 54.4264 99.9000
59.8616 99.9000
2 99.9998 91.5056
99.9993 69.6100
0.0002 92.1368
2 99.9991 77.3399
0.0003 77.3399
99.9996 11.6991
2 74.0640 51.2737
75.9638 90.7378
69.6791 8.2502
1 64.9182 0.1000
74.0553 0.1000
2 99.9990 25.4015
99.9991 68.2770
100.0000 25.3699
1 37.5809 9.9929
3.1033 49.1141
2 99.9999 47.2657
99.9996 15.8687
1.8838 78.6626
2 99.9990 35.8547
99.9997 35.8547
99.9995 63.5104
2 99.9999 30.6522
99.9993 52.8129
99.9998 8.4916
2 0.0007 33.4432
84.0472 33.7123
0.0003 27.4200
