10
100 100
88 43 853
64 12 933
20 99 366
1 65 521
79 31 990
33 35 2
14 69 6
29 10 284
32 18 283
98 22 5
66 19 317
5 46 93
86 34 2
88 49 420
62 12 7
37 85 8
2 83 99
81 77 264
96 76 565
10 7 679
79 92 6
71 56 927
47 60 756
68 42 766
61 92 5
44 80 10
58 22 442
28 64 141
37 92 5
62 33 9
91 6 4
26 59 7
95 4 818
79 15 1
56 74 3
15 86 10
94 52 3
13 14 6
88 70 230
38 72 84
14 30 583
47 45 938
60 15 7
85 90 7
55 16 2
26 67 336
95 37 695
98 52 1
14 99 706
76 49 10
68 80 2
18 33 799
11 48 10
51 73 2
56 79 4
56 25 7
89 10 737
62 79 9
79 17 907
15 52 7
62 26 1
45 75 881
40 84 376
91 82 685
57 15 289
56 36 3
51 16 5
62 46 9
68 87 623
41 8 196
51 81 224
24 97 564
65 91 2
3 91 246
11 14 2
76 12 10
92 72 7
68 37 1
12 21 4
27 69 974
43 0 179
91 37 3
24 23 541
24 22 3
54 41 325
14 84 3
86 41 8
68 39 5
69 9 657
62 19 8
35 63 144
68 16 10
53 20 50
33 89 6
50 60 540
87 79 636
37 14 1
78 80 680
60 93 641
83 89 477
100 100
30 28 2
96 12 3
8 42 7
17 79 4
92 18 131
44 36 70
5 11 874
84 30 7
6 15 893
51 41 763
64 48 8
99 62 368
73 87 901
92 94 427
66 40 6
94 25 4
12 54 176
42 19 3
59 82 38
80 12 117
33 10 284
57 39 1
58 44 726
44 34 3
57 60 477
26 65 159
50 85 10
43 90 812
31 19 30
30 42 9
40 41 5
4 87 5
89 0 1
78 11 7
8 9 981
29 30 6
16 99 583
6 40 5
0 38 29
45 97 929
20 28 5
94 75 932
91 71 9
74 23 749
95 14 316
41 29 6
26 81 811
49 89 538
47 76 148
78 70 5
67 43 25
39 37 1
30 35 7
28 56 8
13 20 10
23 84 837
88 70 235
79 90 717
46 83 32
13 10 1
48 2 4
79 52 172
29 98 877
94 28 4
17 41 6
76 91 10
22 12 9
24 23 516
55 8 2
0 63 820
2 95 283
27 69 758
20 34 3
24 1 579
20 78 7
50 41 7
8 93 8
29 87 3
12 71 9
39 2 3
7 12 3
20 59 7
22 61 581
87 83 7
3 15 963
40 0 7
86 57 42
25 26 614
77 94 8
98 11 849
72 27 66
63 68 10
86 27 134
30 37 5
42 12 1
41 45 9
39 32 30
26 53 685
90 21 694
99 41 4
100 100
61 16 4
44 88 153
35 94 552
28 97 284
90 38 23
25 0 10
29 34 944
65 68 3
53 72 649
15 51 690
0 71 5
29 50 478
15 13 3
56 80 1
23 24 8
33 0 5
6 17 473
53 35 6
23 0 5
41 80 5
73 19 735
24 82 920
97 30 884
5 63 276
25 54 8
21 13 4
69 96 248
12 59 624
91 96 528
14 90 4
53 84 1
7 21 10
16 2 1
64 40 679
10 13 339
5 53 1
8 41 521
95 43 994
31 55 272
87 85 814
11 78 480
18 88 3
18 77 127
19 89 8
34 78 5
45 36 568
16 0 2
52 57 108
92 18 5
53 34 4
36 62 456
66 94 18
48 69 996
14 81 654
54 58 9
87 98 852
22 23 10
53 16 3
27 25 992
62 70 6
7 26 1
15 74 178
97 92 367
34 96 3
7 93 909
53 18 7
5 37 3
71 40 38
1 39 720
8 79 664
61 32 20
87 78 5
20 67 329
60 2 7
6 84 3
23 70 2
42 58 638
65 23 1
75 95 6
49 5 832
23 9 571
39 14 7
53 75 7
39 25 9
0 1 740
80 65 1
58 46 119
61 89 10
83 95 426
22 67 9
47 24 295
3 65 496
99 80 7
59 34 2
25 21 5
27 57 962
54 31 5
4 20 540
16 86 7
31 76 167
100 100
48 86 943
72 28 725
88 38 765
27 5 4
25 59 930
31 74 104
36 23 912
86 46 522
31 72 6
70 76 6
51 94 505
83 29 6
20 42 387
22 17 204
11 80 4
98 22 68
84 31 83
51 35 151
77 41 511
29 49 3
40 89 443
49 13 2
33 49 571
55 19 179
79 85 4
30 63 3
67 68 374
80 82 4
20 66 10
57 29 431
9 30 4
47 11 7
85 73 115
62 50 225
40 11 10
41 72 10
90 8 665
1 49 352
43 52 600
49 54 2
40 19 9
92 67 744
3 97 3
49 41 5
16 85 556
70 7 9
15 45 606
49 66 4
49 56 2
60 79 6
83 75 7
72 95 52
3 40 7
63 39 2
21 53 1
12 25 807
49 7 1
89 45 423
58 6 10
14 91 408
26 27 5
41 37 151
75 92 999
14 21 9
90 77 863
41 40 2
39 34 164
30 81 261
65 52 106
69 78 9
63 52 8
4 56 717
64 4 677
85 7 1
61 66 836
21 88 821
49 71 6
62 87 440
23 66 1
93 28 535
40 25 6
23 21 3
21 10 799
39 99 875
80 9 7
6 60 2
69 44 10
96 60 1
45 21 5
24 27 325
51 32 936
40 86 7
11 44 4
0 31 419
11 50 699
76 2 406
27 85 4
18 66 5
27 22 4
70 94 493
100 100
97 63 665
62 50 3
75 72 608
24 47 8
20 77 5
90 28 439
31 17 455
4 45 6
12 22 4
21 18 8
68 86 9
63 42 5
52 37 898
68 12 4
40 90 417
81 2 1
51 64 318
58 14 771
6 4 627
39 92 1
49 20 186
9 10 112
80 57 713
32 41 165
17 36 9
43 70 327
97 69 565
13 88 10
92 3 839
0 88 4
57 26 12
12 65 9
95 4 63
62 53 10
0 68 7
20 91 9
52 2 2
87 0 5
92 59 703
88 67 235
70 19 8
63 45 4
8 57 644
76 17 9
42 68 8
60 96 319
66 44 493
40 56 598
0 1 452
84 33 902
19 1 442
85 68 37
20 0 8
0 72 347
44 19 539
25 41 518
2 47 3
39 50 3
2 27 8
19 61 1
12 92 4
33 68 4
23 71 9
89 82 607
33 99 963
51 20 10
10 88 181
23 93 31
18 33 9
11 35 565
0 29 5
14 61 1
55 70 495
83 81 4
40 73 7
8 13 6
69 34 88
74 87 9
7 53 55
73 15 695
78 15 368
0 19 9
81 11 598
46 40 11
91 25 6
42 2 4
5 98 102
30 36 694
17 5 7
90 16 410
33 79 10
73 79 2
20 71 8
60 73 2
32 54 374
61 38 39
94 85 257
11 89 471
17 52 10
48 42 747
100 100
63 23 871
10 51 899
70 45 821
62 99 708
13 33 6
0 90 10
66 0 8
76 71 370
21 67 173
84 83 534
36 38 10
37 86 272
91 90 6
59 5 20
87 10 10
34 58 303
62 82 6
92 54 238
10 64 7
56 87 1
95 27 709
26 90 929
66 67 3
88 59 114
84 65 3
7 9 6
16 65 7
62 61 10
10 40 9
47 10 10
6 80 498
36 69 10
87 20 10
65 24 8
3 43 66
39 98 10
58 96 9
77 56 132
87 62 8
38 12 5
46 10 1
49 33 115
22 43 42
1 87 67
57 8 447
0 1 87
44 49 735
65 53 57
97 63 165
61 14 1
19 57 132
15 75 4
85 6 534
2 4 4
13 60 6
78 90 8
9 48 2
35 75 710
76 15 10
78 18 7
93 95 316
54 64 5
3 11 962
14 43 695
42 67 237
40 31 196
90 87 9
34 72 400
89 74 624
59 33 10
20 28 859
68 84 511
17 19 725
74 36 5
29 72 597
78 24 1
73 90 678
33 80 5
48 87 10
39 66 3
58 74 5
89 23 137
13 70 429
32 9 804
34 41 857
65 4 4
86 68 713
52 66 712
86 50 579
79 9 10
10 81 32
90 74 2
19 87 3
76 87 2
55 68 223
25 46 832
94 38 141
87 80 1
74 30 5
95 76 7
100 100
49 95 9
51 86 830
81 56 9
33 81 1
3 86 720
13 48 7
8 94 2
47 39 2
55 43 251
26 69 2
49 83 3
38 88 605
80 19 7
62 49 7
26 0 5
58 87 549
30 44 46
45 55 2
79 50 495
12 55 10
66 88 2
85 68 5
89 59 2
80 98 863
26 4 5
1 19 579
94 24 703
15 69 10
41 60 3
5 21 3
9 18 796
87 73 949
64 26 701
16 71 937
54 19 442
61 11 899
19 59 4
60 76 5
77 42 147
80 61 375
60 77 9
27 37 684
93 66 5
81 62 4
81 13 8
91 78 520
14 10 596
28 32 510
9 99 455
63 44 193
99 96 927
45 92 174
21 78 315
0 62 10
28 5 521
97 8 915
83 3 251
60 82 4
39 88 10
1 0 605
72 94 173
6 15 530
35 10 10
36 40 5
90 73 586
34 60 220
63 68 6
15 67 689
57 0 605
59 22 172
75 10 3
52 12 2
75 62 9
0 68 5
74 94 8
84 37 195
33 79 485
55 63 7
72 31 32
25 94 8
26 29 430
7 5 5
88 0 5
20 35 369
70 35 832
90 78 410
31 65 326
5 84 3
63 5 3
84 2 402
95 16 5
76 81 1
5 40 10
12 53 9
99 59 545
25 0 4
89 17 568
46 55 726
59 75 3
23 75 9
100 100
43 54 434
46 82 8
69 87 903
37 88 69
36 3 461
22 12 1
29 8 317
80 85 10
42 71 322
53 14 862
6 31 557
48 49 6
10 14 5
16 4 4
79 35 522
0 51 5
33 24 165
73 77 1
40 92 6
19 51 593
83 50 10
66 91 8
0 52 1
27 99 5
0 5 4
64 22 10
30 43 871
74 94 527
56 77 715
10 49 5
33 69 594
5 64 3
41 34 58
89 15 814
21 63 291
65 22 622
38 17 248
34 64 9
47 91 6
80 20 301
13 28 373
80 79 10
85 58 752
70 72 125
57 86 246
83 28 115
81 39 157
0 60 6
78 0 3
29 82 5
37 62 3
95 46 4
99 0 2
98 46 2
99 4 6
91 81 4
11 64 401
9 76 152
64 14 10
67 2 630
52 31 362
57 84 607
46 3 2
84 55 934
0 96 10
95 0 6
17 73 4
54 69 266
47 78 3
52 84 540
16 68 8
7 77 138
0 1 709
37 44 10
26 33 41
76 61 2
69 94 86
72 22 2
10 90 545
92 2 397
83 96 5
34 89 107
83 45 319
73 80 4
14 71 63
59 52 9
44 73 10
46 1 699
25 85 549
32 17 958
61 16 2
10 18 810
97 44 628
4 75 214
49 93 7
27 23 844
73 69 7
0 73 5
92 63 2
83 40 10
100 100
66 13 1
43 81 212
28 12 453
7 33 9
54 62 2
92 49 83
32 95 3
50 60 727
76 65 8
43 33 3
16 79 379
50 27 6
42 95 6
3 16 3
83 65 687
2 20 3
0 96 9
91 53 4
77 51 984
11 43 2
61 95 345
65 10 73
39 88 4
23 45 516
17 29 2
54 96 1
2 85 18
80 4 4
74 39 8
84 87 487
7 37 439
59 33 4
7 93 229
26 18 1
66 78 759
0 66 7
21 0 428
4 46 3
19 96 1
71 23 993
19 97 8
26 68 937
2 39 9
69 8 235
99 23 211
1 96 310
98 5 925
3 72 723
53 88 4
58 35 392
38 22 455
27 74 7
31 27 994
75 94 481
34 82 988
39 47 491
35 64 796
42 55 10
29 5 403
17 19 8
65 73 1
67 5 328
75 71 35
19 57 4
60 34 878
80 36 602
70 16 996
96 39 8
51 41 164
52 29 868
13 44 3
86 0 5
6 89 32
63 14 5
65 56 860
42 0 9
49 41 716
69 30 2
32 75 398
0 63 3
90 96 2
64 24 675
76 26 6
76 57 2
87 66 10
12 48 634
66 49 754
6 13 93
59 13 7
15 4 5
12 83 698
96 69 2
3 54 5
73 22 509
35 88 5
1 0 319
40 19 3
25 15 234
88 80 1
14 9 198
100 100
44 18 747
43 5 656
53 84 3
71 97 577
1 56 974
26 83 7
2 65 647
19 88 2
76 22 4
60 45 783
63 28 146
61 40 220
42 18 518
26 0 8
65 41 6
69 70 9
75 32 864
80 73 7
79 70 1
99 57 418
67 8 384
31 29 980
56 21 8
46 63 7
17 96 2
6 92 2
49 50 143
78 60 3
26 36 8
3 65 7
13 52 553
43 22 5
94 86 394
9 79 9
63 75 8
58 74 464
48 54 674
61 73 6
47 96 149
20 83 843
81 50 563
87 19 4
75 70 8
19 7 2
4 22 421
35 98 795
84 8 8
83 82 880
0 64 7
48 90 466
10 82 76
33 36 4
33 11 90
84 41 9
43 3 5
35 84 227
16 24 5
38 26 2
95 46 955
42 12 940
89 58 646
39 84 10
46 74 470
75 93 7
66 24 340
14 13 1
64 94 933
21 25 826
17 80 10
85 53 915
94 72 947
30 4 212
57 0 1
3 88 10
8 31 141
42 22 1
37 27 92
68 17 452
71 65 3
15 0 9
65 51 174
50 13 10
75 21 10
41 75 2
55 19 342
60 43 626
48 39 7
62 46 345
27 22 440
33 34 181
77 70 4
24 53 3
43 59 1
0 0 1
75 14 5
64 73 5
21 0 5
75 23 655
91 67 200
6 73 5
