10
100 100
15 96 615
43 91 8
13 93 10
34 82 855
37 68 137
44 49 4
91 21 8
35 90 255
76 96 532
3 29 5
88 3 753
29 84 295
55 74 543
57 96 316
30 10 7
89 45 715
91 99 668
87 64 268
59 27 340
6 29 726
12 60 18
5 69 780
75 4 6
37 33 963
20 94 871
54 75 7
34 62 404
24 28 4
80 74 379
10 81 9
35 11 6
71 0 5
77 75 5
58 83 163
55 65 769
97 67 768
58 75 1
49 55 8
78 58 3
87 73 602
5 63 7
5 55 8
3 52 580
22 91 2
32 27 387
0 24 10
95 6 301
60 9 623
38 0 5
45 33 366
54 36 946
60 17 2
1 0 828
78 18 5
21 96 9
73 1 812
50 25 8
73 17 4
23 14 606
45 72 637
98 58 8
59 16 103
84 70 874
73 58 4
42 50 645
27 50 2
7 2 270
21 20 3
85 22 239
55 81 3
99 97 920
7 98 1
3 24 10
51 81 1
86 24 4
89 40 94
22 26 639
17 37 1
13 91 1
91 58 10
13 11 4
66 20 2
56 9 368
19 61 7
13 81 5
48 0 8
24 82 7
23 91 163
25 8 877
31 27 258
0 98 3
50 91 3
3 79 937
19 58 5
47 9 641
27 53 1
58 39 594
46 53 923
41 38 366
13 92 7
100 100
0 66 3
44 15 328
10 43 8
12 93 999
80 24 17
20 42 496
1 76 786
55 30 4
81 21 6
0 78 7
95 19 112
0 46 1
14 5 10
54 30 242
18 78 2
92 89 92
99 83 309
78 40 3
91 32 187
39 15 74
50 0 2
6 73 605
45 83 4
77 23 1
0 42 3
26 97 4
13 66 9
29 0 9
3 54 9
86 43 97
41 68 8
17 2 10
48 56 328
7 42 2
38 69 727
65 26 74
12 7 99
63 14 8
47 45 9
60 58 8
88 8 580
67 27 908
57 87 868
81 59 997
11 52 464
17 11 5
17 64 514
53 89 2
75 22 690
58 82 26
76 36 218
14 0 10
95 0 1
17 29 5
70 65 9
5 28 8
83 0 4
9 30 919
34 97 971
79 18 417
42 72 2
72 77 4
42 51 7
58 30 6
94 41 992
77 67 4
45 87 2
1 0 806
40 44 9
87 97 7
16 14 5
16 37 7
96 63 553
22 28 401
71 90 5
7 31 821
60 56 9
35 33 102
77 53 6
62 18 943
66 8 919
85 30 125
10 83 3
13 33 196
25 66 5
71 18 8
88 84 545
41 83 3
6 49 361
10 74 763
61 14 972
60 14 6
6 51 239
18 81 8
86 98 964
24 74 1000
4 78 917
91 7 258
16 76 4
69 40 356
100 100
78 83 8
86 35 10
83 42 933
3 23 92
16 77 2
84 51 427
29 65 89
20 84 343
26 10 234
17 77 54
40 74 486
70 66 6
5 45 3
24 6 71
72 83 801
5 99 5
82 54 854
5 11 7
30 13 922
28 19 3
95 58 864
0 39 3
60 35 1
20 54 9
52 7 263
79 60 13
57 75 569
8 86 7
6 20 9
83 10 3
73 94 547
91 5 3
53 75 6
13 54 3
83 28 1
10 2 371
27 74 9
50 41 3
86 4 4
34 69 960
39 77 6
66 55 4
69 49 284
80 68 145
36 60 695
92 11 607
96 14 520
89 41 198
74 63 10
69 86 709
32 45 979
31 77 832
13 86 1
18 29 29
77 86 9
37 44 120
13 9 30
78 90 4
48 7 5
21 95 70
74 23 1
41 20 10
53 99 2
33 67 10
91 64 9
14 27 6
71 7 664
67 88 3
29 99 10
66 7 3
96 12 621
16 43 730
99 15 87
13 81 5
87 47 2
91 62 695
79 25 331
55 38 9
51 22 953
87 83 4
44 74 2
94 56 52
33 83 1
44 70 8
85 88 210
54 76 467
90 1 709
27 93 919
87 94 4
84 46 419
31 4 819
44 86 9
21 62 757
14 97 418
13 10 6
68 98 279
59 32 181
53 86 9
66 61 436
68 55 2
100 100
65 76 2
94 67 57
15 92 667
96 13 9
35 65 8
71 47 3
66 78 836
48 20 402
56 46 811
65 71 6
17 89 1
34 43 4
77 88 5
77 45 880
77 48 3
63 11 97
32 71 426
92 5 6
81 25 1
2 77 835
79 83 7
14 4 737
49 92 4
79 7 2
63 48 10
10 75 87
18 82 234
20 83 383
73 95 5
5 27 92
43 38 106
10 62 2
96 59 8
83 96 10
19 53 8
67 37 538
58 34 2
64 10 9
51 95 430
9 5 836
7 65 1
12 4 231
49 85 10
61 13 538
35 93 990
82 25 817
16 73 992
62 43 7
57 84 9
70 79 7
8 27 662
42 36 777
40 7 8
32 69 156
80 59 107
85 79 6
53 77 9
56 14 431
50 85 3
3 86 755
79 21 8
24 44 185
74 81 36
3 73 8
97 41 857
11 30 539
29 82 489
42 48 8
49 26 784
83 31 920
68 53 6
67 4 8
37 54 828
6 91 160
33 90 632
62 39 10
97 53 543
43 99 3
33 84 495
70 66 386
13 55 1
23 76 248
1 47 108
54 98 724
99 87 845
79 57 3
34 52 567
84 44 211
14 22 307
0 67 6
63 91 10
63 79 2
89 96 10
79 25 10
3 10 8
50 28 615
60 7 8
4 72 10
88 72 3
85 10 4
100 100
33 67 7
19 94 505
17 37 6
93 58 168
37 75 430
5 86 9
36 42 1
21 9 959
29 59 3
95 38 574
12 91 458
4 72 5
47 62 173
25 63 2
89 72 8
98 54 8
15 0 1
1 0 997
96 11 506
21 76 1
86 59 6
57 98 577
22 0 7
69 17 6
51 44 241
79 59 274
65 15 986
33 89 3
8 23 5
42 98 8
12 63 704
88 22 367
6 38 10
17 76 1
89 61 351
77 29 714
38 97 10
48 36 811
83 55 10
42 93 6
47 93 490
13 22 887
28 39 1
72 96 3
82 14 85
53 11 282
74 52 535
15 18 795
66 46 301
45 89 3
25 86 3
86 33 9
40 98 9
50 25 9
81 34 881
0 86 4
68 92 594
43 4 10
74 0 3
55 51 954
84 83 741
31 23 111
68 46 792
87 36 10
0 42 9
15 24 8
85 71 504
30 87 1
0 32 9
42 80 3
70 30 10
38 49 718
42 28 5
87 16 484
64 57 425
91 56 194
1 42 987
59 38 7
7 36 3
3 57 713
89 10 4
73 76 573
17 28 6
41 40 482
19 98 774
83 98 5
83 8 9
97 27 44
92 89 6
2 89 973
34 96 9
60 45 9
71 54 444
35 59 819
72 20 414
82 57 825
90 26 62
32 99 778
78 92 8
90 59 8
100 100
27 14 385
86 50 209
5 47 658
87 53 4
45 58 901
57 50 2
74 53 10
95 54 844
59 2 767
79 49 981
82 93 196
71 17 5
90 1 10
72 66 97
99 54 905
1 67 5
46 12 10
17 56 4
57 71 9
56 67 6
7 67 3
61 53 6
14 66 2
58 44 5
89 56 973
62 76 601
81 5 566
13 85 6
74 91 8
18 90 214
6 98 668
58 94 720
23 67 8
53 97 9
17 24 7
24 2 4
21 2 117
60 98 145
70 61 6
53 58 5
76 87 5
1 96 2
57 41 975
43 82 317
64 15 300
72 61 100
17 30 3
74 0 9
29 21 675
68 66 3
97 65 800
95 76 465
71 98 6
77 64 376
84 70 415
76 69 495
81 8 343
49 61 4
40 61 543
38 77 786
26 71 129
34 33 3
55 25 4
5 17 6
74 9 48
32 0 540
90 63 2
48 36 55
28 52 140
90 31 3
65 19 595
5 78 9
83 95 707
10 50 66
36 25 653
80 58 88
56 53 9
31 35 1
59 75 58
73 78 841
56 12 9
16 30 1
61 14 1
74 4 2
70 52 947
91 92 5
64 0 870
3 9 960
92 39 425
42 67 4
33 67 4
53 20 1
43 49 2
74 51 200
46 88 602
55 1 3
42 37 4
63 22 767
11 42 893
85 53 8
100 100
72 84 652
78 3 9
40 60 247
4 91 10
81 64 661
44 77 110
77 56 2
90 25 2
15 72 9
64 29 264
90 94 2
12 0 846
40 41 552
86 79 37
87 72 7
13 8 562
85 74 10
70 80 6
50 17 221
60 25 10
96 92 813
8 99 557
88 75 409
9 42 869
28 36 1
27 51 769
60 82 10
53 80 5
45 85 5
99 37 363
0 49 3
49 69 10
40 48 770
52 0 10
65 23 509
25 0 3
63 94 67
68 35 815
64 72 3
33 4 2
77 20 1
74 0 6
51 43 864
4 10 6
15 96 624
98 64 6
38 95 162
36 62 607
58 91 265
87 97 5
72 67 7
35 20 393
25 2 6
60 75 7
25 14 4
89 52 165
47 5 770
87 31 10
16 19 10
22 92 988
71 20 766
54 90 207
64 77 8
55 80 648
50 52 8
34 35 691
6 30 876
30 49 10
49 73 7
4 2 6
57 93 969
1 0 928
66 13 679
65 70 272
69 46 3
45 86 53
28 4 10
79 83 183
30 19 9
74 3 2
93 82 448
24 78 873
85 76 8
75 18 8
99 87 5
72 74 6
52 59 6
21 73 6
74 9 3
0 1 928
80 52 2
7 51 695
50 5 835
52 38 92
43 33 5
94 61 1
26 10 30
39 93 22
20 11 264
84 32 21
100 100
41 94 242
97 37 3
5 18 8
34 40 246
51 84 3
57 40 5
95 23 786
10 81 694
90 93 356
74 18 980
46 62 8
62 49 10
47 23 651
30 88 88
18 0 7
87 33 144
66 33 8
16 96 6
0 32 3
1 0 741
81 80 9
4 82 189
89 32 55
19 37 9
76 35 162
4 32 233
5 63 6
50 70 2
56 13 655
40 0 3
0 65 1
9 20 346
40 11 6
9 69 121
90 70 6
53 13 558
33 68 6
7 74 228
32 36 26
44 77 9
65 26 7
70 6 1
65 81 1
59 20 722
0 61 8
43 73 3
70 0 7
15 99 139
21 86 791
2 38 327
20 51 242
25 91 281
49 91 477
30 98 515
77 65 1
58 68 8
70 99 7
79 64 331
1 19 717
44 98 10
22 73 9
99 28 705
54 3 399
73 45 186
58 53 7
32 12 671
71 41 160
24 15 599
73 94 8
54 2 725
48 83 82
31 32 5
37 18 7
86 5 278
59 42 583
32 84 1
76 40 6
0 60 2
73 96 3
73 62 9
0 66 2
47 11 312
37 17 580
92 22 2
8 60 794
22 39 431
54 68 433
61 29 9
85 22 7
78 23 65
67 65 1
79 65 20
94 48 6
43 52 8
36 75 671
55 84 839
27 62 6
16 72 344
0 73 8
14 53 71
100 100
25 1 274
68 11 446
25 49 6
14 23 209
60 74 704
90 42 6
67 10 543
84 53 50
32 7 8
96 76 10
0 16 8
49 83 7
30 58 641
83 27 3
98 58 4
12 53 369
75 16 10
49 57 2
16 19 3
83 43 690
93 88 897
3 25 706
72 5 5
9 25 6
86 89 386
73 50 777
82 33 324
77 63 4
32 6 5
12 7 8
46 22 5
58 77 1
79 50 343
82 65 766
90 76 1
16 49 2
8 75 2
6 73 9
61 72 5
38 6 167
31 45 255
85 0 2
16 90 1
83 29 8
59 85 2
98 78 7
21 58 679
41 18 299
61 90 2
77 69 162
81 49 1
48 21 137
80 49 4
13 95 10
47 12 269
10 39 510
61 55 848
1 0 290
46 86 7
52 22 327
0 12 4
97 92 982
28 6 609
70 64 614
10 34 4
75 56 3
18 55 987
15 63 703
99 22 776
16 44 592
31 12 9
95 66 541
13 58 7
93 12 3
78 68 233
26 19 196
55 71 469
56 62 871
37 20 6
17 95 811
56 60 561
77 81 3
91 75 888
83 20 9
35 76 7
36 61 283
70 19 7
81 46 6
14 83 6
58 2 361
31 10 8
12 33 9
71 51 362
55 92 525
54 75 276
75 87 185
4 37 890
94 14 771
96 24 5
40 50 180
100 100
7 1 98
89 11 494
10 90 619
47 90 9
2 45 8
20 54 903
78 73 6
32 78 925
69 82 1
37 93 523
35 38 10
20 23 467
2 97 7
43 27 6
77 56 551
52 57 555
48 59 162
3 72 167
55 2 7
38 64 2
46 5 5
24 1 555
97 87 7
71 38 7
26 45 9
45 69 2
98 44 395
92 15 4
33 2 9
1 31 9
9 61 6
59 98 525
19 81 970
81 2 1
4 20 7
80 44 3
92 22 5
28 36 3
49 9 467
65 13 216
77 80 163
90 14 268
96 9 552
83 21 8
86 22 176
9 53 403
68 35 6
18 97 2
30 68 7
31 35 9
60 80 6
88 31 9
97 74 10
92 25 403
63 86 284
22 0 207
76 70 241
15 4 5
12 40 187
87 52 135
3 45 8
34 81 385
21 65 109
75 26 3
69 42 325
62 73 1
44 85 476
91 1 277
44 50 119
4 93 3
94 70 243
28 39 8
80 1 1
46 94 2
67 61 6
4 31 10
4 4 1
36 30 4
51 16 900
81 43 1
4 2 3
81 58 655
63 66 936
41 65 902
6 91 646
93 11 725
40 97 725
92 29 166
30 8 916
17 35 793
47 93 1
71 79 791
46 35 7
94 95 112
94 83 7
74 62 5
61 74 3
5 84 842
51 18 10
48 99 105
